 ----------------   CP     1,     Type (3,-3)   ----------------
 Corresponding nucleus:    46(H )
 Position (Bohr):       -8.268216847311   -7.497693500813   -0.996492255204
 Position (Angstrom):   -4.375351930401   -3.967608534966   -0.527320992295
 Density of all electrons:  0.4510692749E+00
 Density of Alpha electrons:  0.2255346375E+00
 Density of Beta electrons:  0.2255346375E+00
 Spin density of electrons:  0.0000000000E+00
 Lagrangian kinetic energy G(r):  0.7692746142E-02
 G(r) in X,Y,Z:  0.2515975148E-02  0.1574509493E-02  0.3602261501E-02
 Hamiltonian kinetic energy K(r):  0.6684444336E+01
 Potential energy density V(r): -0.6692137082E+01
 Energy density E(r) or H(r): -0.6684444336E+01
 Laplacian of electron density: -0.2670700636E+02
 Electron localization function (ELF):  0.9998977573E+00
 Localized orbital locator (LOL):  0.9900020682E+00
 Local information entropy:  0.1196473896E-01
 Interaction region indicator (IRI):  0.8199040982E-14
 Reduced density gradient (RDG):  0.1000000000E+03
 Reduced density gradient with promolecular approximation:  0.1000000000E+03
 Sign(lambda2)*rho: -0.4510692749E+00
 Sign(lambda2)*rho with promolecular approximation: -0.2991902265E+00
 Corr. hole for alpha, ref.:   0.00000   0.00000   0.00000 : -0.1248217607E-04
 Source function, ref.:   0.00000   0.00000   0.00000 :  0.1896571678E+00
 Wavefunction value for orbital       1 :  0.1208946669E-06
 Average local ionization energy (ALIE):  0.5399192721E+00
 van der Waals potential (probe atom: C ):  0.9103770494E+27 kcal/mol
 Delta-g (under promolecular approximation):  0.1125262906E+00
 Delta-g (under Hirshfeld partition):  0.2179107239E+00
 User-defined real space function:  0.1000000000E+01
 ESP from nuclear charges:  0.5920548606E+02
 
 Note: Below information is for electron density
 
 Components of gradient in x/y/z are:
 -0.1480586487E-14 -0.3075664723E-14  0.1118896642E-15
 Norm of gradient is:  0.3415313914E-14
 
 Components of Laplacian in x/y/z are:
 -0.9150133201E+01 -0.8406466357E+01 -0.9150406802E+01
 Total: -0.2670700636E+02
 
 Hessian matrix:
 -0.9150133201E+01 -0.8943477639E-01  0.4008250689E-02
 -0.8943477639E-01 -0.8406466357E+01 -0.3759172212E-01
  0.4008250689E-02 -0.3759172212E-01 -0.9150406802E+01
 Eigenvalues of Hessian: -0.9160761014E+01 -0.9152272504E+01 -0.8393972842E+01
 Eigenvectors (columns) of Hessian:
 -0.9913668287E+00 -0.5804255552E-01 -0.1175707139E+00
 -0.1201590055E+00  0.4331150751E-01  0.9918094206E+00
 -0.5247498850E-01  0.9973741400E+00 -0.4991192759E-01
 Determinant of Hessian: -0.7037656339E+03
 Ellipticity of electron density:    0.000927
 eta index:   -1.091350
 Stiffness:   -1.090339
 
 Stress tensor:
 -0.2292565251E+01 -0.2247479045E-01  0.1217080165E-02
 -0.2247479045E-01 -0.2104765608E+01 -0.9559179806E-02
  0.1217080165E-02 -0.9559179806E-02 -0.2294806223E+01
 Eigenvalues of stress tensor: -0.2295347048E+01 -0.2295157288E+01 -0.2101632746E+01
 Eigenvectors (columns) of stress tensor:
  0.5640070523E+00 -0.8174290700E+00  0.1170716040E+00
  0.2511213882E-01 -0.1247285550E+00 -0.9918730604E+00
 -0.8253880454E+00 -0.5623633195E+00  0.4982039239E-01
 Stress tensor stiffness:    1.092173
 Stress tensor polarizability:    0.915606
 
 ----------------   CP     2,     Type (3,-3)   ----------------
 Corresponding nucleus:    47(H )
 Position (Bohr):        5.409700014767   -6.976467274965    1.967739945280
 Position (Angstrom):    2.862689965636   -3.691787494522    1.041283136026
 Density of all electrons:  0.4073533362E+00
 Density of Alpha electrons:  0.2036766681E+00
 Density of Beta electrons:  0.2036766681E+00
 Spin density of electrons:  0.0000000000E+00
 Lagrangian kinetic energy G(r):  0.2968581177E-01
 G(r) in X,Y,Z:  0.1220962181E-01  0.6009819735E-02  0.1146637022E-01
 Hamiltonian kinetic energy K(r):  0.5669418479E+01
 Potential energy density V(r): -0.5699104291E+01
 Energy density E(r) or H(r): -0.5669418479E+01
 Laplacian of electron density: -0.2255893067E+02
 Electron localization function (ELF):  0.9978697879E+00
 Localized orbital locator (LOL):  0.9558512390E+00
 Local information entropy:  0.1098111731E-01
 Interaction region indicator (IRI):  0.9489365602E-14
 Reduced density gradient (RDG):  0.1000000000E+03
 Reduced density gradient with promolecular approximation:  0.1000000000E+03
 Sign(lambda2)*rho: -0.4073533362E+00
 Sign(lambda2)*rho with promolecular approximation: -0.2935070811E+00
 Corr. hole for alpha, ref.:   0.00000   0.00000   0.00000 : -0.1109176256E-04
 Source function, ref.:   0.00000   0.00000   0.00000 :  0.1984773211E+00
 Wavefunction value for orbital       1 : -0.1082291131E-04
 Average local ionization energy (ALIE):  0.7788075642E+00
 van der Waals potential (probe atom: C ):  0.3343202495E+25 kcal/mol
 Delta-g (under promolecular approximation):  0.2394411260E+00
 Delta-g (under Hirshfeld partition):  0.3766585066E+00
 User-defined real space function:  0.1000000000E+01
 ESP from nuclear charges:  0.5005688128E+02
 
 Note: Below information is for electron density
 
 Components of gradient in x/y/z are:
 -0.3285566264E-14  0.1096345237E-14 -0.6990935608E-15
 Norm of gradient is:  0.3533503977E-14
 
 Components of Laplacian in x/y/z are:
 -0.7975740427E+01 -0.6779599432E+01 -0.7803590811E+01
 Total: -0.2255893067E+02
 
 Hessian matrix:
 -0.7975740427E+01 -0.2338574727E+00  0.9857307977E-01
 -0.2338574727E+00 -0.6779599432E+01 -0.5197771576E+00
  0.9857307977E-01 -0.5197771576E+00 -0.7803590811E+01
 Eigenvalues of Hessian: -0.8021434711E+01 -0.8019671640E+01 -0.6517824319E+01
 Eigenvectors (columns) of Hessian:
 -0.3674571307E+00  0.9140926081E+00  0.1714933262E+00
  0.2993589992E+00  0.2908282432E+00 -0.9087371031E+00
  0.8805449714E+00  0.2825838580E+00  0.3805087601E+00
 Determinant of Hessian: -0.4192868965E+03
 Ellipticity of electron density:    0.000220
 eta index:   -1.230692
 Stiffness:   -1.230422
 
 Stress tensor:
 -0.2018354350E+01 -0.5949202410E-01  0.2517982374E-01
 -0.5949202410E-01 -0.1706919497E+01 -0.1344631581E+00
  0.2517982374E-01 -0.1344631581E+00 -0.1973830443E+01
 Eigenvalues of stress tensor: -0.2030033068E+01 -0.2029171588E+01 -0.1639899635E+01
 Eigenvectors (columns) of stress tensor:
 -0.4863251021E+00  0.8574241069E+00  0.1682610945E+00
  0.2578813259E+00  0.3248341853E+00 -0.9099340492E+00
  0.8348563450E+00  0.3991323753E+00  0.3790886839E+00
 Stress tensor stiffness:    1.237901
 Stress tensor polarizability:    0.807819
 
 ----------------   CP     3,     Type (3,-3)   ----------------
 Corresponding nucleus:    22(C )
 Position (Bohr):       -8.521661167451   -5.523519835197   -1.107558620964
 Position (Angstrom):   -4.509468888852   -2.922920820757   -0.586094781953
 Density of all electrons:  0.1219612706E+03
 Density of Alpha electrons:  0.6098063530E+02
 Density of Beta electrons:  0.6098063530E+02
 Spin density of electrons:  0.0000000000E+00
 Lagrangian kinetic energy G(r):  0.8834762042E+01
 G(r) in X,Y,Z:  0.2528827986E+01  0.3011127436E+01  0.3294806621E+01
 Hamiltonian kinetic energy K(r):  0.2418353284E+06
 Potential energy density V(r): -0.2418441631E+06
 Energy density E(r) or H(r): -0.2418353284E+06
 Laplacian of electron density: -0.9673059745E+06
 Electron localization function (ELF):  0.9999989476E+00
 Localized orbital locator (LOL):  0.9989751875E+00
 Local information entropy:  0.3411444150E+00
 Interaction region indicator (IRI):  0.4664249546E-12
 Reduced density gradient (RDG):  0.1000000000E+03
 Reduced density gradient with promolecular approximation:  0.1000000000E+03
 Sign(lambda2)*rho: -0.1219612706E+03
 Sign(lambda2)*rho with promolecular approximation: -0.1213912154E+03
 Corr. hole for alpha, ref.:   0.00000   0.00000   0.00000 : -0.2378274399E-04
 Source function, ref.:   0.00000   0.00000   0.00000 :  0.7535256996E+04
 Wavefunction value for orbital       1 : -0.2656119335E-07
 Average local ionization energy (ALIE):  0.9967161621E+01
 van der Waals potential (probe atom: C ):  0.3301952278E+75 kcal/mol
 Delta-g (under promolecular approximation):  0.4749653610E-01
 Delta-g (under Hirshfeld partition):  0.5770084447E-01
 User-defined real space function:  0.1000000000E+01
 ESP from nuclear charges:  0.1613060858E+07
 
 Note: Below information is for electron density
 
 Components of gradient in x/y/z are:
  0.9001110968E-10  0.1183601828E-10 -0.1468332400E-10
 Norm of gradient is:  0.9196570664E-10
 
 Components of Laplacian in x/y/z are:
 -0.3224369070E+06 -0.3224350782E+06 -0.3224339892E+06
 Total: -0.9673059745E+06
 
 Hessian matrix:
 -0.3224369070E+06 -0.1315577967E+01 -0.2663107569E+00
 -0.1315577967E+01 -0.3224350782E+06 -0.2472994804E+00
 -0.2663107569E+00 -0.2472994804E+00 -0.3224339892E+06
 Eigenvalues of Hessian: -0.3224376286E+06 -0.3224344104E+06 -0.3224339355E+06
 Eigenvectors (columns) of Hessian:
  0.8807998591E+00  0.4733290991E+00  0.1229520738E-01
  0.4636629498E+00 -0.8569680369E+00 -0.2249943391E+00
  0.9595976809E-01 -0.2038758143E+00  0.9742824925E+00
 Determinant of Hessian: -0.3352183980E+17
 Ellipticity of electron density:    0.000010
 eta index:   -1.000011
 Stiffness:   -1.000001
 
 Stress tensor:
 -0.8061428441E+05  0.3592092167E+00  0.7322422800E-01
  0.3592092167E+00 -0.8061479181E+05  0.6985407323E-01
  0.7322422800E-01  0.6985407323E-01 -0.8061508692E+05
 Eigenvalues of stress tensor: -0.8061510275E+05 -0.8061497151E+05 -0.8061408888E+05
 Eigenvectors (columns) of stress tensor:
  0.1799077879E-01  0.4702756050E+00  0.8823362099E+00
 -0.2388980753E+00 -0.8548962681E+00  0.4605215309E+00
  0.9708779746E+00 -0.2190735633E+00  0.9696768724E-01
 Stress tensor stiffness:    1.000013
 Stress tensor polarizability:    0.999987
 
 ----------------   CP     4,     Type (3,-3)   ----------------
 Corresponding nucleus:    53(H )
 Position (Bohr):       -9.750960578466   -4.929264055806    0.344140421174
 Position (Angstrom):   -5.159986122538   -2.608454204856    0.182111268236
 Density of all electrons:  0.4476028273E+00
 Density of Alpha electrons:  0.2238014137E+00
 Density of Beta electrons:  0.2238014137E+00
 Spin density of electrons:  0.0000000000E+00
 Lagrangian kinetic energy G(r):  0.7524192869E-02
 G(r) in X,Y,Z:  0.2061165753E-02  0.2995505128E-02  0.2467521988E-02
 Hamiltonian kinetic energy K(r):  0.6625026444E+01
 Potential energy density V(r): -0.6632550636E+01
 Energy density E(r) or H(r): -0.6625026444E+01
 Laplacian of electron density: -0.2647000900E+02
 Electron localization function (ELF):  0.9998996348E+00
 Localized orbital locator (LOL):  0.9900936672E+00
 Local information entropy:  0.1188742222E-01
 Interaction region indicator (IRI):  0.1154002609E-13
 Reduced density gradient (RDG):  0.1000000000E+03
 Reduced density gradient with promolecular approximation:  0.1000000000E+03
 Sign(lambda2)*rho: -0.4476028273E+00
 Sign(lambda2)*rho with promolecular approximation: -0.2989582572E+00
 Corr. hole for alpha, ref.:   0.00000   0.00000   0.00000 : -0.2665628047E-04
 Source function, ref.:   0.00000   0.00000   0.00000 :  0.1926926558E+00
 Wavefunction value for orbital       1 : -0.6519904053E-06
 Average local ionization energy (ALIE):  0.5424086064E+00
 van der Waals potential (probe atom: C ):  0.7222518441E+27 kcal/mol
 Delta-g (under promolecular approximation):  0.1126579206E+00
 Delta-g (under Hirshfeld partition):  0.2177769403E+00
 User-defined real space function:  0.1000000000E+01
 ESP from nuclear charges:  0.5994622048E+02
 
 Note: Below information is for electron density
 
 Components of gradient in x/y/z are:
 -0.4126907149E-14  0.2379606928E-14 -0.1565587937E-15
 Norm of gradient is:  0.4766382528E-14
 
 Components of Laplacian in x/y/z are:
 -0.8774524423E+01 -0.9012370656E+01 -0.8683113924E+01
 Total: -0.2647000900E+02
 
 Hessian matrix:
 -0.8774524423E+01 -0.1499366308E+00 -0.3488202774E+00
 -0.1499366308E+00 -0.9012370656E+01  0.1647786504E+00
 -0.3488202774E+00  0.1647786504E+00 -0.8683113924E+01
 Eigenvalues of Hessian: -0.9085616712E+01 -0.9077689059E+01 -0.8306703232E+01
 Eigenvectors (columns) of Hessian:
 -0.6142379141E+00 -0.4749899473E+00 -0.6301558021E+00
 -0.7571471113E+00  0.5797525025E+00  0.3010237327E+00
 -0.2223511563E+00 -0.6620208349E+00  0.7157432343E+00
 Determinant of Hessian: -0.6851070068E+03
 Ellipticity of electron density:    0.000873
 eta index:   -1.093769
 Stiffness:   -1.092815
 
 Stress tensor:
 -0.2197753437E+01 -0.3721834361E-01 -0.8867051147E-01
 -0.3721834361E-01 -0.2259083674E+01  0.4238082333E-01
 -0.8867051147E-01  0.4238082333E-01 -0.2175713525E+01
 Eigenvalues of stress tensor: -0.2276846474E+01 -0.2276053194E+01 -0.2079650968E+01
 Eigenvectors (columns) of stress tensor:
 -0.4155743866E-01 -0.7743355794E+00 -0.6314090511E+00
 -0.9339612275E+00 -0.1943999736E+00  0.2998751004E+00
  0.3549498625E+00 -0.6021736135E+00  0.7151206432E+00
 Stress tensor stiffness:    1.094821
 Stress tensor polarizability:    0.913391
 
 ----------------   CP     5,     Type (3,-3)   ----------------
 Corresponding nucleus:    54(H )
 Position (Bohr):       -9.305910624809   -5.052818062982   -2.876470067209
 Position (Angstrom):   -4.924475829349   -2.673836169769   -1.522162407412
 Density of all electrons:  0.4395511450E+00
 Density of Alpha electrons:  0.2197755725E+00
 Density of Beta electrons:  0.2197755725E+00
 Spin density of electrons:  0.0000000000E+00
 Lagrangian kinetic energy G(r):  0.7387987941E-02
 G(r) in X,Y,Z:  0.2295419753E-02  0.3001782585E-02  0.2090785603E-02
 Hamiltonian kinetic energy K(r):  0.6487971677E+01
 Potential energy density V(r): -0.6495359665E+01
 Energy density E(r) or H(r): -0.6487971677E+01
 Laplacian of electron density: -0.2592233476E+02
 Electron localization function (ELF):  0.9998971951E+00
 Localized orbital locator (LOL):  0.9899754172E+00
 Local information entropy:  0.1170739447E-01
 Interaction region indicator (IRI):  0.1447009817E-13
 Reduced density gradient (RDG):  0.1000000000E+03
 Reduced density gradient with promolecular approximation:  0.1000000000E+03
 Sign(lambda2)*rho: -0.4395511450E+00
 Sign(lambda2)*rho with promolecular approximation: -0.2985538969E+00
 Corr. hole for alpha, ref.:   0.00000   0.00000   0.00000 : -0.2647480018E-05
 Source function, ref.:   0.00000   0.00000   0.00000 :  0.1879931168E+00
 Wavefunction value for orbital       1 :  0.1749674552E-06
 Average local ionization energy (ALIE):  0.5412895402E+00
 van der Waals potential (probe atom: C ):  0.3918252642E+27 kcal/mol
 Delta-g (under promolecular approximation):  0.1134347380E+00
 Delta-g (under Hirshfeld partition):  0.2186039436E+00
 User-defined real space function:  0.1000000000E+01
 ESP from nuclear charges:  0.5837999398E+02
 
 Note: Below information is for electron density
 
 Components of gradient in x/y/z are:
 -0.5023759186E-14 -0.2851451714E-14 -0.9758903755E-15
 Norm of gradient is:  0.5858437954E-14
 
 Components of Laplacian in x/y/z are:
 -0.8782265927E+01 -0.8869582144E+01 -0.8270486685E+01
 Total: -0.2592233476E+02
 
 Hessian matrix:
 -0.8782265927E+01 -0.7645447109E-01  0.2886788911E+00
 -0.7645447109E-01 -0.8869582144E+01 -0.1631686521E+00
  0.2886788911E+00 -0.1631686521E+00 -0.8270486685E+01
 Eigenvalues of Hessian: -0.8914626050E+01 -0.8909197725E+01 -0.8098510981E+01
 Eigenvectors (columns) of Hessian:
 -0.7345810824E+00 -0.5479089851E+00  0.4002329039E+00
 -0.6588181857E+00  0.7170673477E+00 -0.2275368476E+00
  0.1623244637E+00  0.4308249794E+00  0.8877165120E+00
 Determinant of Hessian: -0.6432012845E+03
 Ellipticity of electron density:    0.000609
 eta index:   -1.100773
 Stiffness:   -1.100103
 
 Stress tensor:
 -0.2200157321E+01 -0.1856405602E-01  0.7399298953E-01
 -0.1856405602E-01 -0.2223399101E+01 -0.4133948984E-01
  0.7399298953E-01 -0.4133948984E-01 -0.2071803242E+01
 Eigenvalues of stress tensor: -0.2234175378E+01 -0.2233636246E+01 -0.2027548041E+01
 Eigenvectors (columns) of stress tensor:
  0.6052866793E+00 -0.6857259684E+00  0.4042374701E+00
 -0.6606551929E+00 -0.7160442054E+00 -0.2254227405E+00
 -0.4440301250E+00  0.1306162018E+00  0.8864404413E+00
 Stress tensor stiffness:    1.101910
 Stress tensor polarizability:    0.907515
 
 ----------------   CP     6,     Type (3,-3)   ----------------
 Corresponding nucleus:    28(H )
 Position (Bohr):       -6.756132728564   -2.688065310883    6.449752731404
 Position (Angstrom):   -3.575191473792   -1.422462903938    3.413062161418
 Density of all electrons:  0.4299792467E+00
 Density of Alpha electrons:  0.2149896233E+00
 Density of Beta electrons:  0.2149896233E+00
 Spin density of electrons:  0.0000000000E+00
 Lagrangian kinetic energy G(r):  0.7472573828E-02
 G(r) in X,Y,Z:  0.2734934622E-02  0.1886395769E-02  0.2851243436E-02
 Hamiltonian kinetic energy K(r):  0.6391048652E+01
 Potential energy density V(r): -0.6398521225E+01
 Energy density E(r) or H(r): -0.6391048652E+01
 Laplacian of electron density: -0.2553430431E+02
 Electron localization function (ELF):  0.9998868232E+00
 Localized orbital locator (LOL):  0.9894868587E+00
 Local information entropy:  0.1149256208E-01
 Interaction region indicator (IRI):  0.1253711941E-13
 Reduced density gradient (RDG):  0.1000000000E+03
 Reduced density gradient with promolecular approximation:  0.1000000000E+03
 Sign(lambda2)*rho: -0.4299792467E+00
 Sign(lambda2)*rho with promolecular approximation: -0.2974710352E+00
 Corr. hole for alpha, ref.:   0.00000   0.00000   0.00000 : -0.2162897464E-05
 Source function, ref.:   0.00000   0.00000   0.00000 :  0.2090578302E+00
 Wavefunction value for orbital       1 : -0.1332839585E-06
 Average local ionization energy (ALIE):  0.5917906100E+00
 van der Waals potential (probe atom: C ):  0.1096489716E+28 kcal/mol
 Delta-g (under promolecular approximation):  0.1040616000E+00
 Delta-g (under Hirshfeld partition):  0.1942516978E+00
 User-defined real space function:  0.1000000000E+01
 ESP from nuclear charges:  0.6074697301E+02
 
 Note: Below information is for electron density
 
 Components of gradient in x/y/z are:
 -0.3729655473E-14 -0.4141652299E-15  0.3234825602E-14
 Norm of gradient is:  0.4954387900E-14
 
 Components of Laplacian in x/y/z are:
 -0.8543472891E+01 -0.8250803310E+01 -0.8740028110E+01
 Total: -0.2553430431E+02
 
 Hessian matrix:
 -0.8543472891E+01 -0.3151224900E+00  0.3551024533E-01
 -0.3151224900E+00 -0.8250803310E+01 -0.5644731021E-01
  0.3551024533E-01 -0.5644731021E-01 -0.8740028110E+01
 Eigenvalues of Hessian: -0.8746507480E+01 -0.8744483830E+01 -0.8043313001E+01
 Eigenvectors (columns) of Hessian:
  0.1340005505E+00 -0.8338543327E+00 -0.5354725056E+00
  0.1958062943E+00 -0.5074140414E+00  0.8391608223E+00
  0.9714441557E+00  0.2172968992E+00 -0.9528016596E-01
 Determinant of Hessian: -0.6151822841E+03
 Ellipticity of electron density:    0.000231
 eta index:   -1.087426
 Stiffness:   -1.087174
 
 Stress tensor:
 -0.2141338092E+01 -0.8055986679E-01  0.9017911032E-02
 -0.8055986679E-01 -0.2066473619E+01 -0.1427490345E-01
  0.9017911032E-02 -0.1427490345E-01 -0.2190709514E+01
 Eigenvalues of stress tensor: -0.2192750667E+01 -0.2192304829E+01 -0.2013465730E+01
 Eigenvectors (columns) of stress tensor:
 -0.8217643072E+00 -0.1950215241E+00 -0.5354157529E+00
 -0.5435791431E+00 -0.1360110719E-01  0.8392477138E+00
 -0.1709536153E+00  0.9807046523E+00 -0.9483272851E-01
 Stress tensor stiffness:    1.089043
 Stress tensor polarizability:    0.918237
 
 ----------------   CP     7,     Type (3,-3)   ----------------
 Corresponding nucleus:    23(O )
 Position (Bohr):        5.090662140228   -5.377492391203    1.288320549950
 Position (Angstrom):    2.693862393016   -2.845646425229    0.681749875372
 Density of all electrons:  0.3015343391E+03
 Density of Alpha electrons:  0.1507671695E+03
 Density of Beta electrons:  0.1507671695E+03
 Spin density of electrons:  0.0000000000E+00
 Lagrangian kinetic energy G(r):  0.7526869316E+02
 G(r) in X,Y,Z:  0.2675021121E+02  0.2230891282E+02  0.2620956914E+02
 Hamiltonian kinetic energy K(r):  0.1126706442E+07
 Potential energy density V(r): -0.1126781711E+07
 Energy density E(r) or H(r): -0.1126706442E+07
 Laplacian of electron density: -0.4506524694E+07
 Electron localization function (ELF):  0.9999962620E+00
 Localized orbital locator (LOL):  0.9980703481E+00
 Local information entropy: -0.3131000960E+00
 Interaction region indicator (IRI):  0.8126828304E-12
 Reduced density gradient (RDG):  0.1000000000E+03
 Reduced density gradient with promolecular approximation:  0.1000000000E+03
 Sign(lambda2)*rho: -0.3015343391E+03
 Sign(lambda2)*rho with promolecular approximation: -0.2923761462E+03
 Corr. hole for alpha, ref.:   0.00000   0.00000   0.00000 : -0.3610165861E-03
 Source function, ref.:   0.00000   0.00000   0.00000 :  0.4771317097E+05
 Wavefunction value for orbital       1 :  0.9005823772E-04
 Average local ionization energy (ALIE):  0.1844365627E+02
 van der Waals potential (probe atom: C ):  0.6546928242E+74 kcal/mol
 Delta-g (under promolecular approximation):  0.3745657025E-01
 Delta-g (under Hirshfeld partition):  0.6147261029E-01
 User-defined real space function:  0.1000000000E+01
 ESP from nuclear charges:  0.2017934691E+07
 
 Note: Below information is for electron density
 
 Components of gradient in x/y/z are:
 -0.2048503589E-09  0.3556188677E-09 -0.1402464811E-09
 Norm of gradient is:  0.4337021144E-09
 
 Components of Laplacian in x/y/z are:
 -0.1502167930E+07 -0.1502186592E+07 -0.1502170172E+07
 Total: -0.4506524694E+07
 
 Hessian matrix:
 -0.1502167930E+07  0.1171928650E+01 -0.9662281444E+00
  0.1171928650E+01 -0.1502186592E+07  0.6611356954E+01
 -0.9662281444E+00  0.6611356954E+01 -0.1502170172E+07
 Eigenvalues of Hessian: -0.1502189020E+07 -0.1502168358E+07 -0.1502167317E+07
 Eigenvectors (columns) of Hessian:
 -0.6752789114E-01  0.7030000666E+00  0.7079766171E+00
  0.9403903087E+00  0.2819146816E+00 -0.1902371665E+00
 -0.3333257433E+00  0.6529280348E+00 -0.6801315536E+00
 Determinant of Hessian: -0.3389701857E+19
 Ellipticity of electron density:    0.000014
 eta index:   -1.000014
 Stiffness:   -1.000001
 
 Stress tensor:
 -0.3755954829E+06 -0.4934074437E+00  0.3640935041E+00
 -0.4934074437E+00 -0.3755912659E+06 -0.1648483223E+01
  0.3640935041E+00 -0.1648483223E+01 -0.3755949621E+06
 Eigenvalues of stress tensor: -0.3755957365E+06 -0.3755954079E+06 -0.3755905664E+06
 Eigenvectors (columns) of stress tensor:
  0.6621245938E+00 -0.7398170470E+00  0.1194226078E+00
 -0.1938452376E+00 -0.3230179629E+00 -0.9263279222E+00
 -0.7238888354E+00 -0.5901949955E+00  0.3572881487E+00
 Stress tensor stiffness:    1.000014
 Stress tensor polarizability:    0.999986
 
 ----------------   CP     8,     Type (3,-3)   ----------------
 Corresponding nucleus:    55(H )
 Position (Bohr):       -5.289740618232   -4.048257523988    0.828930405743
 Position (Angstrom):   -2.799210186756   -2.142245625561    0.438651080144
 Density of all electrons:  0.4345760295E+00
 Density of Alpha electrons:  0.2172880147E+00
 Density of Beta electrons:  0.2172880147E+00
 Spin density of electrons:  0.0000000000E+00
 Lagrangian kinetic energy G(r):  0.1726417986E-01
 G(r) in X,Y,Z:  0.5598600124E-02  0.8790694982E-02  0.2874884754E-02
 Hamiltonian kinetic energy K(r):  0.6243673299E+01
 Potential energy density V(r): -0.6260937479E+01
 Energy density E(r) or H(r): -0.6243673299E+01
 Laplacian of electron density: -0.2490563648E+02
 Electron localization function (ELF):  0.9994180947E+00
 Localized orbital locator (LOL):  0.9764521082E+00
 Local information entropy:  0.1159584407E-01
 Interaction region indicator (IRI):  0.1012763187E-13
 Reduced density gradient (RDG):  0.1000000000E+03
 Reduced density gradient with promolecular approximation:  0.1000000000E+03
 Sign(lambda2)*rho: -0.4345760295E+00
 Sign(lambda2)*rho with promolecular approximation: -0.3019877868E+00
 Corr. hole for alpha, ref.:   0.00000   0.00000   0.00000 : -0.4976118588E-05
 Source function, ref.:   0.00000   0.00000   0.00000 :  0.2952618043E+00
 Wavefunction value for orbital       1 : -0.1455766978E-06
 Average local ionization energy (ALIE):  0.7086456172E+00
 van der Waals potential (probe atom: C ):  0.2656365946E+26 kcal/mol
 Delta-g (under promolecular approximation):  0.1740631778E+00
 Delta-g (under Hirshfeld partition):  0.3201150177E+00
 User-defined real space function:  0.1000000000E+01
 ESP from nuclear charges:  0.5834916865E+02
 
 Note: Below information is for electron density
 
 Components of gradient in x/y/z are:
 -0.2064320936E-14  0.3483324740E-14 -0.4336808690E-16
 Norm of gradient is:  0.4049302775E-14
 
 Components of Laplacian in x/y/z are:
 -0.8480129862E+01 -0.8677852980E+01 -0.7747653637E+01
 Total: -0.2490563648E+02
 
 Hessian matrix:
 -0.8480129862E+01  0.5262425284E-01  0.4665728932E+00
  0.5262425284E-01 -0.8677852980E+01  0.1287665328E+00
  0.4665728932E+00  0.1287665328E+00 -0.7747653637E+01
 Eigenvalues of Hessian: -0.8711630661E+01 -0.8689679676E+01 -0.7504326141E+01
 Eigenvectors (columns) of Hessian:
 -0.7765227298E+00 -0.4572345927E+00  0.4335308263E+00
 -0.4543654913E+00  0.8830354085E+00  0.1174753920E+00
  0.4365368833E+00  0.1057591348E+00  0.8934486862E+00
 Determinant of Hessian: -0.5680870937E+03
 Ellipticity of electron density:    0.002526
 eta index:   -1.160881
 Stiffness:   -1.157956
 
 Stress tensor:
 -0.2131229666E+01  0.1772248078E-01  0.1184077066E+00
  0.1772248078E-01 -0.2187044635E+01  0.3149826905E-01
  0.1184077066E+00  0.3149826905E-01 -0.1942663179E+01
 Eigenvalues of stress tensor: -0.2192523800E+01 -0.2187082651E+01 -0.1881331029E+01
 Eigenvectors (columns) of stress tensor:
 -0.4717862255E+00  0.7686236522E+00  0.4320132390E+00
  0.8743969634E+00  0.4708495978E+00  0.1171776717E+00
  0.1133477299E+00 -0.4330338758E+00  0.8942225420E+00
 Stress tensor stiffness:    1.165411
 Stress tensor polarizability:    0.858066
 
 ----------------   CP     9,     Type (3,-3)   ----------------
 Corresponding nucleus:    21(N )
 Position (Bohr):       -6.098801031305   -4.274132410885   -0.820962503952
 Position (Angstrom):   -3.227346519598   -2.261773468222   -0.434434648097
 Density of all electrons:  0.1980097517E+03
 Density of Alpha electrons:  0.9900487583E+02
 Density of Beta electrons:  0.9900487583E+02
 Spin density of electrons:  0.0000000000E+00
 Lagrangian kinetic energy G(r):  0.2915592665E+02
 G(r) in X,Y,Z:  0.9261282731E+01  0.1097353003E+02  0.8921113895E+01
 Hamiltonian kinetic energy K(r):  0.5526972972E+06
 Potential energy density V(r): -0.5527264532E+06
 Energy density E(r) or H(r): -0.5526972972E+06
 Laplacian of electron density: -0.2210672565E+07
 Electron localization function (ELF):  0.9999977213E+00
 Localized orbital locator (LOL):  0.9984927260E+00
 Local information entropy:  0.1472618028E+00
 Interaction region indicator (IRI):  0.5605204231E-12
 Reduced density gradient (RDG):  0.1000000000E+03
 Reduced density gradient with promolecular approximation:  0.1000000000E+03
 Sign(lambda2)*rho: -0.1980097517E+03
 Sign(lambda2)*rho with promolecular approximation: -0.1931759540E+03
 Corr. hole for alpha, ref.:   0.00000   0.00000   0.00000 : -0.5545866948E-05
 Source function, ref.:   0.00000   0.00000   0.00000 :  0.2347944280E+05
 Wavefunction value for orbital       1 :  0.9767081077E-06
 Average local ionization energy (ALIE):  0.1394185198E+02
 van der Waals potential (probe atom: C ):  0.4273455967E+86 kcal/mol
 Delta-g (under promolecular approximation):  0.4399885165E-01
 Delta-g (under Hirshfeld partition):  0.6917847689E-01
 User-defined real space function:  0.1000000000E+01
 ESP from nuclear charges:  0.1656669942E+08
 
 Note: Below information is for electron density
 
 Components of gradient in x/y/z are:
  0.5372990941E-10  0.1774331793E-09  0.3321432018E-10
 Norm of gradient is:  0.1883417833E-09
 
 Components of Laplacian in x/y/z are:
 -0.7368926556E+06 -0.7368853237E+06 -0.7368945859E+06
 Total: -0.2210672565E+07
 
 Hessian matrix:
 -0.7368926556E+06 -0.4581919994E+01 -0.1510387458E+01
 -0.4581919994E+01 -0.7368853237E+06  0.1109511716E+01
 -0.1510387458E+01  0.1109511716E+01 -0.7368945859E+06
 Eigenvalues of Hessian: -0.7368957116E+06 -0.7368939671E+06 -0.7368828865E+06
 Eigenvectors (columns) of Hessian:
 -0.6838534547E+00 -0.5834017493E+00  0.4381630420E+00
 -0.2275962325E+00 -0.4000009245E+00 -0.8878058433E+00
 -0.6932131039E+00  0.7068533506E+00 -0.1407619740E+00
 Determinant of Hessian: -0.4001377269E+18
 Ellipticity of electron density:    0.000002
 eta index:   -1.000017
 Stiffness:   -1.000015
 
 Stress tensor:
 -0.1842416865E+06  0.9691641662E+00  0.3377589455E+00
  0.9691641662E+00 -0.1842432780E+06 -0.2150019932E+00
  0.3377589455E+00 -0.2150019932E+00 -0.1842414887E+06
 Eigenvalues of stress tensor: -0.1842437866E+06 -0.1842415693E+06 -0.1842410973E+06
 Eigenvectors (columns) of stress tensor:
 -0.4338564668E+00  0.4192658477E+00 -0.7974864984E+00
  0.8889184107E+00  0.3435479351E+00 -0.3029832922E+00
  0.1469442930E+00 -0.8403516914E+00 -0.5217436243E+00
 Stress tensor stiffness:    1.000015
 Stress tensor polarizability:    0.999985
 
 ----------------   CP    10,     Type (3,-3)   ----------------
 Corresponding nucleus:    52(H )
 Position (Bohr):       -9.759190939798   -1.420113832371    6.700400613217
 Position (Angstrom):   -5.164341442192   -0.751491876979    3.545699308435
 Density of all electrons:  0.4393197742E+00
 Density of Alpha electrons:  0.2196598871E+00
 Density of Beta electrons:  0.2196598871E+00
 Spin density of electrons:  0.0000000000E+00
 Lagrangian kinetic energy G(r):  0.7682502698E-02
 G(r) in X,Y,Z:  0.1493442028E-02  0.3332760992E-02  0.2856299678E-02
 Hamiltonian kinetic energy K(r):  0.6504835789E+01
 Potential energy density V(r): -0.6512518291E+01
 Energy density E(r) or H(r): -0.6504835789E+01
 Laplacian of electron density: -0.2598861314E+02
 Electron localization function (ELF):  0.9998886525E+00
 Localized orbital locator (LOL):  0.9895709088E+00
 Local information entropy:  0.1170221206E-01
 Interaction region indicator (IRI):  0.1453312050E-13
 Reduced density gradient (RDG):  0.1000000000E+03
 Reduced density gradient with promolecular approximation:  0.1000000000E+03
 Sign(lambda2)*rho: -0.4393197742E+00
 Sign(lambda2)*rho with promolecular approximation: -0.2988156707E+00
 Corr. hole for alpha, ref.:   0.00000   0.00000   0.00000 : -0.6120954025E-07
 Source function, ref.:   0.00000   0.00000   0.00000 :  0.1734578071E+00
 Wavefunction value for orbital       1 : -0.1855193391E-06
 Average local ionization energy (ALIE):  0.5876375816E+00
 van der Waals potential (probe atom: C ):  0.5928281030E+27 kcal/mol
 Delta-g (under promolecular approximation):  0.1120552030E+00
 Delta-g (under Hirshfeld partition):  0.2146556862E+00
 User-defined real space function:  0.1000000000E+01
 ESP from nuclear charges:  0.5686830586E+02
 
 Note: Below information is for electron density
 
 Components of gradient in x/y/z are:
 -0.5479991461E-14 -0.5572799167E-15 -0.2059116766E-14
 Norm of gradient is:  0.5880546673E-14
 
 Components of Laplacian in x/y/z are:
 -0.8218573680E+01 -0.8885318603E+01 -0.8884720860E+01
 Total: -0.2598861314E+02
 
 Hessian matrix:
 -0.8218573680E+01  0.1560015015E+00 -0.1635871379E+00
  0.1560015015E+00 -0.8885318603E+01 -0.3613105619E-01
 -0.1635871379E+00 -0.3613105619E-01 -0.8884720860E+01
 Eigenvalues of Hessian: -0.8922729197E+01 -0.8919992593E+01 -0.8145891353E+01
 Eigenvectors (columns) of Hessian:
  0.2340558757E+00 -0.1972731995E+00  0.9519984936E+00
 -0.3774608388E-01  0.9766153895E+00  0.2116544686E+00
  0.9714901339E+00  0.8547318699E-01 -0.2211362795E+00
 Determinant of Hessian: -0.6483370185E+03
 Ellipticity of electron density:    0.000307
 eta index:   -1.095366
 Stiffness:   -1.095030
 
 Stress tensor:
 -0.2057630304E+01  0.3965668445E-01 -0.4167631231E-01
  0.3965668445E-01 -0.2227995173E+01 -0.9317965687E-02
 -0.4167631231E-01 -0.9317965687E-02 -0.2226892814E+01
 Eigenvalues of stress tensor: -0.2236811412E+01 -0.2236568680E+01 -0.2039138198E+01
 Eigenvectors (columns) of stress tensor:
  0.1136965547E+00  0.2841145618E+00 -0.9520252146E+00
 -0.9165814409E+00 -0.3397353668E+00 -0.2108514709E+00
 -0.3833426088E+00  0.8965817287E+00  0.2217873938E+00
 Stress tensor stiffness:    1.096940
 Stress tensor polarizability:    0.911627
 
 ----------------   CP    11,     Type (3,-3)   ----------------
 Corresponding nucleus:    42(H )
 Position (Bohr):       -0.245101319415   -3.968779826668   -0.157717641223
 Position (Angstrom):   -0.129702032597   -2.100187839364   -0.083460581493
 Density of all electrons:  0.4349813938E+00
 Density of Alpha electrons:  0.2174906969E+00
 Density of Beta electrons:  0.2174906969E+00
 Spin density of electrons:  0.0000000000E+00
 Lagrangian kinetic energy G(r):  0.7477444286E-02
 G(r) in X,Y,Z:  0.2858875902E-02  0.2872456169E-02  0.1746112215E-02
 Hamiltonian kinetic energy K(r):  0.6470004429E+01
 Potential energy density V(r): -0.6477481874E+01
 Energy density E(r) or H(r): -0.6470004429E+01
 Laplacian of electron density: -0.2585010794E+02
 Electron localization function (ELF):  0.9998909614E+00
 Localized orbital locator (LOL):  0.9896788579E+00
 Local information entropy:  0.1160494201E-01
 Interaction region indicator (IRI):  0.3359935607E-14
 Reduced density gradient (RDG):  0.1000000000E+03
 Reduced density gradient with promolecular approximation:  0.1000000000E+03
 Sign(lambda2)*rho: -0.4349813938E+00
 Sign(lambda2)*rho with promolecular approximation: -0.2974606695E+00
 Corr. hole for alpha, ref.:   0.00000   0.00000   0.00000 : -0.8376155860E-03
 Source function, ref.:   0.00000   0.00000   0.00000 :  0.5169249776E+00
 Wavefunction value for orbital       1 : -0.9761935869E-06
 Average local ionization energy (ALIE):  0.5972480224E+00
 van der Waals potential (probe atom: C ):  0.1157950529E+28 kcal/mol
 Delta-g (under promolecular approximation):  0.1038427289E+00
 Delta-g (under Hirshfeld partition):  0.1955042402E+00
 User-defined real space function:  0.1000000000E+01
 ESP from nuclear charges:  0.6918358797E+02
 
 Note: Below information is for electron density
 
 Components of gradient in x/y/z are:
  0.6938893904E-16  0.1339206523E-14  0.1006139616E-15
 Norm of gradient is:  0.1344772139E-14
 
 Components of Laplacian in x/y/z are:
 -0.8854448569E+01 -0.8751570755E+01 -0.8244088617E+01
 Total: -0.2585010794E+02
 
 Hessian matrix:
 -0.8854448569E+01 -0.6443696382E-03  0.1198688660E-02
 -0.6443696382E-03 -0.8751570755E+01 -0.2467616264E+00
  0.1198688660E-02 -0.2467616264E+00 -0.8244088617E+01
 Eigenvalues of Hessian: -0.8854459085E+01 -0.8851765005E+01 -0.8143883851E+01
 Eigenvectors (columns) of Hessian:
 -0.9985235552E+00 -0.5428704992E-01  0.1904183798E-02
 -0.5101375937E-01  0.9251197925E+00 -0.3762325955E+00
 -0.1866295957E-01  0.3757742484E+00  0.9265232907E+00
 Determinant of Hessian: -0.6382979981E+03
 Ellipticity of electron density:    0.000304
 eta index:   -1.087253
 Stiffness:   -1.086922
 
 Stress tensor:
 -0.2219329894E+01  0.1158187039E-03  0.2424857557E-03
  0.1158187039E-03 -0.2193637601E+01 -0.6261588504E-01
  0.2424857557E-03 -0.6261588504E-01 -0.2064514379E+01
 Eigenvalues of stress tensor: -0.2219425812E+01 -0.2218918848E+01 -0.2039137213E+01
 Eigenvectors (columns) of stress tensor:
 -0.9006427475E+00  0.4345591212E+00  0.1005750329E-02
  0.4024007007E+00  0.8348623217E+00 -0.3756042863E+00
  0.1640619316E+00  0.3378805618E+00  0.9267795901E+00
 Stress tensor stiffness:    1.088414
 Stress tensor polarizability:    0.918768
 
 ----------------   CP    12,     Type (3,-3)   ----------------
 Corresponding nucleus:    43(H )
 Position (Bohr):       -0.011527475051   -4.775366303785   -3.358529663164
 Position (Angstrom):   -0.006100077096   -2.527015021677   -1.777257359888
 Density of all electrons:  0.4320219227E+00
 Density of Alpha electrons:  0.2160109613E+00
 Density of Beta electrons:  0.2160109613E+00
 Spin density of electrons:  0.0000000000E+00
 Lagrangian kinetic energy G(r):  0.7059056969E-02
 G(r) in X,Y,Z:  0.2728662694E-02  0.2092317738E-02  0.2238076536E-02
 Hamiltonian kinetic energy K(r):  0.6416203048E+01
 Potential energy density V(r): -0.6423262105E+01
 Energy density E(r) or H(r): -0.6416203048E+01
 Laplacian of electron density: -0.2563657597E+02
 Electron localization function (ELF):  0.9999005687E+00
 Localized orbital locator (LOL):  0.9901402664E+00
 Local information entropy:  0.1153848316E-01
 Interaction region indicator (IRI):  0.5507460329E-14
 Reduced density gradient (RDG):  0.1000000000E+03
 Reduced density gradient with promolecular approximation:  0.1000000000E+03
 Sign(lambda2)*rho: -0.4320219227E+00
 Sign(lambda2)*rho with promolecular approximation: -0.2971956630E+00
 Corr. hole for alpha, ref.:   0.00000   0.00000   0.00000 : -0.7375354261E-03
 Source function, ref.:   0.00000   0.00000   0.00000 :  0.3494419336E+00
 Wavefunction value for orbital       1 : -0.3153716196E-05
 Average local ionization energy (ALIE):  0.5921399906E+00
 van der Waals potential (probe atom: C ):  0.7474700382E+27 kcal/mol
 Delta-g (under promolecular approximation):  0.1049133409E+00
 Delta-g (under Hirshfeld partition):  0.1982532623E+00
 User-defined real space function:  0.1000000000E+01
 ESP from nuclear charges:  0.6529777840E+02
 
 Note: Below information is for electron density
 
 Components of gradient in x/y/z are:
 -0.2255140519E-16 -0.2185751580E-14  0.9194034423E-16
 Norm of gradient is:  0.2187800622E-14
 
 Components of Laplacian in x/y/z are:
 -0.8784895615E+01 -0.8360352147E+01 -0.8491328203E+01
 Total: -0.2563657597E+02
 
 Hessian matrix:
 -0.8784895615E+01 -0.6127456415E-01 -0.5242192867E-01
 -0.6127456415E-01 -0.8360352147E+01  0.3597785283E+00
 -0.5242192867E-01  0.3597785283E+00 -0.8491328203E+01
 Eigenvalues of Hessian: -0.8794132904E+01 -0.8791155589E+01 -0.8051287473E+01
 Eigenvectors (columns) of Hessian:
  0.9293620572E+00 -0.3526323151E+00  0.1092548258E+00
 -0.1489003957E+00 -0.6288631540E+00 -0.7631250262E+00
  0.3378088791E+00  0.6929513575E+00 -0.6369486458E+00
 Determinant of Hessian: -0.6224497899E+03
 Ellipticity of electron density:    0.000339
 eta index:   -1.092264
 Stiffness:   -1.091894
 
 Stress tensor:
 -0.2201681229E+01 -0.1557304604E-01 -0.1337084641E-01
 -0.1557304604E-01 -0.2094272672E+01  0.9146715999E-01
 -0.1337084641E-01  0.9146715999E-01 -0.2127308204E+01
 Eigenvalues of stress tensor: -0.2204133122E+01 -0.2203548607E+01 -0.2015580376E+01
 Eigenvectors (columns) of stress tensor:
  0.8181843569E+00 -0.5644095501E+00  0.1096185110E+00
 -0.2949346421E+00 -0.5756647008E+00 -0.7626425828E+00
  0.4935462644E+00  0.5916519348E+00 -0.6374637817E+00
 Stress tensor stiffness:    1.093548
 Stress tensor polarizability:    0.914455
 
 ----------------   CP    13,     Type (3,-3)   ----------------
 Corresponding nucleus:     1(C )
 Position (Bohr):       -7.859507170494   -0.993959150766    6.276865462705
 Position (Angstrom):   -4.159072083554   -0.525980531154    3.321574158768
 Density of all electrons:  0.1219650377E+03
 Density of Alpha electrons:  0.6098251884E+02
 Density of Beta electrons:  0.6098251884E+02
 Spin density of electrons:  0.0000000000E+00
