 ----------------   CP     1,     Type (3,-3)   ----------------
 Corresponding nucleus:   107(H )
 Position (Bohr):       -1.282451985919  -10.192671665460    2.305662564489
 Position (Angstrom):   -0.678644365026   -5.393729563578    1.220104085160
 Density of all electrons:  0.4302961981E+00
 Density of Alpha electrons:  0.2151480990E+00
 Density of Beta electrons:  0.2151480990E+00
 Spin density of electrons:  0.0000000000E+00
 Lagrangian kinetic energy G(r):  0.6762527302E-02
 G(r) in X,Y,Z:  0.2235050688E-02  0.2646182494E-02  0.1881294121E-02
 Hamiltonian kinetic energy K(r):  0.6396981579E+01
 Potential energy density V(r): -0.6403744106E+01
 Energy density E(r) or H(r): -0.6396981579E+01
 Laplacian of electron density: -0.2556087621E+02
 Electron localization function (ELF):  0.9999075091E+00
 Localized orbital locator (LOL):  0.9904878849E+00
 Local information entropy:  0.6223791901E-02
 Interaction region indicator (IRI):  0.2433624934E-14
 Reduced density gradient (RDG):  0.1000000000E+03
 Reduced density gradient with promolecular approximation:  0.1000000000E+03
 Sign(lambda2)*rho: -0.4302961981E+00
 Sign(lambda2)*rho with promolecular approximation: -0.2966388353E+00
 Corr. hole for alpha, ref.:   0.00000   0.00000   0.00000 : -0.7130376787E-04
 Source function, ref.:   0.00000   0.00000   0.00000 :  0.1931948037E+00
 Wavefunction value for orbital       1 : -0.4415657685E-05
 Average local ionization energy (ALIE):  0.5623355942E+00
 van der Waals potential (probe atom: C ):  0.1029388504E+28 kcal/mol
 Delta-g (under promolecular approximation):  0.1012767933E+00
 Delta-g (under Hirshfeld partition):  0.1894530100E+00
 User-defined real space function:  0.1000000000E+01
 ESP from nuclear charges:  0.8252859107E+02
 
 Note: Below information is for electron density
 
 Components of gradient in x/y/z are:
 -0.7936359903E-15 -0.1095044194E-15 -0.5334274689E-15
 Norm of gradient is:  0.9624937233E-15
 
 Components of Laplacian in x/y/z are:
 -0.8737190569E+01 -0.8604415157E+01 -0.8219270480E+01
 Total: -0.2556087621E+02
 
 Hessian matrix:
 -0.8737190569E+01 -0.6051022404E-01  0.1127122010E+00
 -0.6051022404E-01 -0.8604415157E+01 -0.2815553986E+00
  0.1127122010E+00 -0.2815553986E+00 -0.8219270480E+01
 Eigenvalues of Hessian: -0.8761004555E+01 -0.8752852132E+01 -0.8047019519E+01
 Eigenvectors (columns) of Hessian:
 -0.9770295197E+00 -0.1104490296E+00  0.1822479893E+00
 -0.1838791988E+00  0.8691935230E+00 -0.4590109583E+00
  0.1077114569E+00  0.4819788703E+00  0.8695370093E+00
 Determinant of Hessian: -0.6170758535E+03
 Ellipticity of electron density:    0.000931
 eta index:   -1.088727
 Stiffness:   -1.087714
 
 Stress tensor:
 -0.2188767744E+01 -0.1513870100E-01  0.2829992905E-01
 -0.1513870100E-01 -0.2156396154E+01 -0.7151629557E-01
  0.2829992905E-01 -0.7151629557E-01 -0.2058580208E+01
 Eigenvalues of stress tensor: -0.2194745528E+01 -0.2194075873E+01 -0.2014922705E+01
 Eigenvectors (columns) of stress tensor:
 -0.9438431059E+00 -0.2760458796E+00  0.1815457622E+00
 -0.3295883830E+00  0.8250116378E+00 -0.4590504278E+00
  0.2305838749E-01  0.4931069557E+00  0.8696630618E+00
 Stress tensor stiffness:    1.089246
 Stress tensor polarizability:    0.918067
 
 ----------------   CP     2,     Type (3,-3)   ----------------
 Corresponding nucleus:    72(H )
 Position (Bohr):       -2.310319874984  -10.674251321625   -0.823851013168
 Position (Angstrom):   -1.222568627738   -5.648570542855   -0.435963181348
 Density of all electrons:  0.4264438051E+00
 Density of Alpha electrons:  0.2132219026E+00
 Density of Beta electrons:  0.2132219026E+00
 Spin density of electrons:  0.0000000000E+00
 Lagrangian kinetic energy G(r):  0.6361219075E-02
 G(r) in X,Y,Z:  0.2026724778E-02  0.2048964283E-02  0.2285530014E-02
 Hamiltonian kinetic energy K(r):  0.6316831385E+01
 Potential energy density V(r): -0.6323192604E+01
 Energy density E(r) or H(r): -0.6316831385E+01
 Laplacian of electron density: -0.2524188066E+02
 Electron localization function (ELF):  0.9999156539E+00
 Localized orbital locator (LOL):  0.9909133370E+00
 Local information entropy:  0.6175962144E-02
 Interaction region indicator (IRI):  0.1693869096E-13
 Reduced density gradient (RDG):  0.1000000000E+03
 Reduced density gradient with promolecular approximation:  0.1000000000E+03
 Sign(lambda2)*rho: -0.4264438051E+00
 Sign(lambda2)*rho with promolecular approximation: -0.2964676138E+00
 Corr. hole for alpha, ref.:   0.00000   0.00000   0.00000 : -0.2304634672E-05
 Source function, ref.:   0.00000   0.00000   0.00000 :  0.1834006829E+00
 Wavefunction value for orbital       1 : -0.6276772611E-06
 Average local ionization energy (ALIE):  0.5624362983E+00
 van der Waals potential (probe atom: C ):  0.5088748864E+27 kcal/mol
 Delta-g (under promolecular approximation):  0.1036656466E+00
 Delta-g (under Hirshfeld partition):  0.1950973090E+00
 User-defined real space function:  0.1000000000E+01
 ESP from nuclear charges:  0.8005768752E+02
 
 Note: Below information is for electron density
 
 Components of gradient in x/y/z are:
  0.1745348657E-14  0.6399394903E-14 -0.4250072516E-16
 Norm of gradient is:  0.6633272448E-14
 
 Components of Laplacian in x/y/z are:
 -0.8592879263E+01 -0.8304984559E+01 -0.8344016843E+01
 Total: -0.2524188066E+02
 
 Hessian matrix:
 -0.8592879263E+01  0.1658626987E+00  0.1587158212E+00
  0.1658626987E+00 -0.8304984559E+01  0.3416860200E+00
  0.1587158212E+00  0.3416860200E+00 -0.8344016843E+01
 Eigenvalues of Hessian: -0.8670145883E+01 -0.8666152890E+01 -0.7905581892E+01
 Eigenvectors (columns) of Hessian:
  0.8755613582E+00 -0.3647291282E+00  0.3168043102E+00
  0.5175256331E-01  0.7228021132E+00  0.6891144879E+00
 -0.4803269513E+00 -0.5869665819E+00  0.6517332672E+00
 Determinant of Hessian: -0.5940002030E+03
 Ellipticity of electron density:    0.000461
 eta index:   -1.096712
 Stiffness:   -1.096207
 
 Stress tensor:
 -0.2152273265E+01  0.4230650554E-01  0.3995294762E-01
  0.4230650554E-01 -0.2080344068E+01  0.8635886499E-01
  0.3995294762E-01  0.8635886499E-01 -0.2090575271E+01
 Eigenvalues of stress tensor: -0.2171991550E+01 -0.2171834844E+01 -0.1979366210E+01
 Eigenvectors (columns) of stress tensor:
 -0.3521545400E+00 -0.8799153692E+00  0.3189610054E+00
 -0.5506094191E+00  0.4703490379E+00  0.6896383474E+00
  0.7568463831E+00 -0.6723634109E-01  0.6501252394E+00
 Stress tensor stiffness:    1.097317
 Stress tensor polarizability:    0.911314
 
 ----------------   CP     3,     Type (3,-3)   ----------------
 Corresponding nucleus:    23(O )
 Position (Bohr):        1.177312084739  -10.937552137926   -3.716279690266
 Position (Angstrom):    0.623006725365   -5.787903334454   -1.966570521430
 Density of all electrons:  0.3018366137E+03
 Density of Alpha electrons:  0.1509183069E+03
 Density of Beta electrons:  0.1509183069E+03
 Spin density of electrons:  0.0000000000E+00
 Lagrangian kinetic energy G(r):  0.7459726475E+02
 G(r) in X,Y,Z:  0.2641551502E+02  0.2258776946E+02  0.2559398028E+02
 Hamiltonian kinetic energy K(r):  0.1127935111E+07
 Potential energy density V(r): -0.1128009708E+07
 Energy density E(r) or H(r): -0.1127935111E+07
 Laplacian of electron density: -0.4511442056E+07
 Electron localization function (ELF):  0.9999963407E+00
 Localized orbital locator (LOL):  0.9980907134E+00
 Local information entropy:  0.2958264425E+00
 Interaction region indicator (IRI):  0.2362397128E-11
 Reduced density gradient (RDG):  0.1000000000E+03
 Reduced density gradient with promolecular approximation:  0.1000000000E+03
 Sign(lambda2)*rho: -0.3018366137E+03
 Sign(lambda2)*rho with promolecular approximation: -0.2923708698E+03
 Corr. hole for alpha, ref.:   0.00000   0.00000   0.00000 : -0.1616184549E-04
 Source function, ref.:   0.00000   0.00000   0.00000 :  0.3091842291E+05
 Wavefunction value for orbital       1 : -0.5149420641E-05
 Average local ionization energy (ALIE):  0.1834657117E+02
 van der Waals potential (probe atom: C ):  0.4400602677E+72 kcal/mol
 Delta-g (under promolecular approximation):  0.5803016377E-01
 Delta-g (under Hirshfeld partition):  0.9506013249E-01
 User-defined real space function:  0.1000000000E+01
 ESP from nuclear charges:  0.1330059044E+07
 
 Note: Below information is for electron density
 
 Components of gradient in x/y/z are:
  0.4329892000E-10 -0.1235211933E-08  0.2556044265E-09
 Norm of gradient is:  0.1262123979E-08
 
 Components of Laplacian in x/y/z are:
 -0.1503808248E+07 -0.1503822579E+07 -0.1503811229E+07
 Total: -0.4511442056E+07
 
 Hessian matrix:
 -0.1503808248E+07  0.4107772419E+01 -0.1367887032E+02
  0.4107772419E+01 -0.1503822579E+07 -0.1813658114E+01
 -0.1367887032E+02 -0.1813658114E+01 -0.1503811229E+07
 Eigenvalues of Hessian: -0.1503824755E+07 -0.1503821992E+07 -0.1503795309E+07
 Eigenvectors (columns) of Hessian:
 -0.5668893286E+00  0.3609599321E+00  0.7405028133E+00
  0.6667079663E+00  0.7290161679E+00  0.1550352043E+00
 -0.4838770265E+00  0.5815869276E+00 -0.6539263482E+00
 Determinant of Hessian: -0.3400810140E+19
 Ellipticity of electron density:    0.000002
 eta index:   -1.000020
 Stiffness:   -1.000018
 
 Stress tensor:
 -0.3760048931E+06 -0.8888610215E+00  0.3451994831E+01
 -0.8888610215E+00 -0.3760008202E+06  0.7750361919E+00
  0.3451994831E+01  0.7750361919E+00 -0.3760039951E+06
 Eigenvalues of stress tensor: -0.3760081158E+06 -0.3760009631E+06 -0.3760006295E+06
 Eigenvectors (columns) of stress tensor:
  0.7417623774E+00 -0.6582873273E+00  0.1282434022E+00
  0.1595737883E+00 -0.1249320829E-01 -0.9871069475E+00
 -0.6514021658E+00 -0.7526630816E+00 -0.9577841075E-01
 Stress tensor stiffness:    1.000020
 Stress tensor polarizability:    0.999980
 
 ----------------   CP     4,     Type (3,-3)   ----------------
 Corresponding nucleus:    25(C )
 Position (Bohr):       -1.647428192780   -9.285600667382    0.508424865874
 Position (Angstrom):   -0.871781456218   -4.913728262724    0.269046852477
 Density of all electrons:  0.1219568219E+03
 Density of Alpha electrons:  0.6097841093E+02
 Density of Beta electrons:  0.6097841093E+02
 Spin density of electrons:  0.0000000000E+00
 Lagrangian kinetic energy G(r):  0.8667263207E+01
 G(r) in X,Y,Z:  0.2578781631E+01  0.2957123537E+01  0.3131358039E+01
 Hamiltonian kinetic energy K(r):  0.2418319967E+06
 Potential energy density V(r): -0.2418406639E+06
 Energy density E(r) or H(r): -0.2418319967E+06
 Laplacian of electron density: -0.9672933177E+06
 Electron localization function (ELF):  0.9999989870E+00
 Localized orbital locator (LOL):  0.9989945364E+00
 Local information entropy:  0.3469349277E+00
 Interaction region indicator (IRI):  0.1120870269E-11
 Reduced density gradient (RDG):  0.1000000000E+03
 Reduced density gradient with promolecular approximation:  0.1000000000E+03
 Sign(lambda2)*rho: -0.1219568219E+03
 Sign(lambda2)*rho with promolecular approximation: -0.1213909861E+03
 Corr. hole for alpha, ref.:   0.00000   0.00000   0.00000 : -0.2272561032E-04
 Source function, ref.:   0.00000   0.00000   0.00000 :  0.8150388746E+04
 Wavefunction value for orbital       1 : -0.9954149368E-06
 Average local ionization energy (ALIE):  0.1001422294E+02
 van der Waals potential (probe atom: C ):  0.1928008934E+76 kcal/mol
 Delta-g (under promolecular approximation):  0.4429672088E-01
 Delta-g (under Hirshfeld partition):  0.5452226712E-01
 User-defined real space function:  0.1000000000E+01
 ESP from nuclear charges:  0.1868603279E+07
 
 Note: Below information is for electron density
 
 Components of gradient in x/y/z are:
  0.3849531804E-11 -0.2209247230E-09  0.4018729793E-11
 Norm of gradient is:  0.2209948015E-09
 
 Components of Laplacian in x/y/z are:
 -0.3224323032E+06 -0.3224308198E+06 -0.3224301947E+06
 Total: -0.9672933177E+06
 
 Hessian matrix:
 -0.3224323032E+06 -0.2368328317E+00  0.1091182369E+01
 -0.2368328317E+00 -0.3224308198E+06  0.5393855117E+00
  0.1091182369E+01  0.5393855117E+00 -0.3224301947E+06
 Eigenvalues of Hessian: -0.3224328587E+06 -0.3224308668E+06 -0.3224295921E+06
 Eigenvectors (columns) of Hessian:
 -0.8888624009E+00 -0.3195846684E+00  0.3283127656E+00
 -0.2108601894E+00  0.9215068882E+00  0.3261334627E+00
  0.4067697295E+00 -0.2206596807E+00  0.8864805088E+00
 Determinant of Hessian: -0.3352052396E+17
 Ellipticity of electron density:    0.000006
 eta index:   -1.000010
 Stiffness:   -1.000004
 
 Stress tensor:
 -0.8061323335E+05  0.7498546575E-01 -0.2763538895E+00
  0.7498546575E-01 -0.8061361920E+05 -0.1434294235E+00
 -0.2763538895E+00 -0.1434294235E+00 -0.8061381138E+05
 Eigenvalues of stress tensor: -0.8061395688E+05 -0.8061361407E+05 -0.8061309299E+05
 Eigenvectors (columns) of stress tensor:
  0.3105332569E+00  0.3308956703E+00  0.8911100671E+00
  0.3123745131E+00 -0.9209144003E+00  0.2331069085E+00
  0.8977701598E+00  0.2059726259E+00 -0.3893379220E+00
 Stress tensor stiffness:    1.000011
 Stress tensor polarizability:    0.999989
 
 ----------------   CP     5,     Type (3,-3)   ----------------
 Corresponding nucleus:    15(O )
 Position (Bohr):        7.362028752764   -9.412186224010   -0.013175442194
 Position (Angstrom):    3.895817841975   -4.980714454522   -0.006972143752
 Density of all electrons:  0.3018552850E+03
 Density of Alpha electrons:  0.1509276425E+03
 Density of Beta electrons:  0.1509276425E+03
 Spin density of electrons:  0.0000000000E+00
 Lagrangian kinetic energy G(r):  0.7450414238E+02
 G(r) in X,Y,Z:  0.2476944524E+02  0.2268420409E+02  0.2705049305E+02
 Hamiltonian kinetic energy K(r):  0.1128014321E+07
 Potential energy density V(r): -0.1128088825E+07
 Energy density E(r) or H(r): -0.1128014321E+07
 Laplacian of electron density: -0.4511759266E+07
 Electron localization function (ELF):  0.9999963506E+00
 Localized orbital locator (LOL):  0.9980932885E+00
 Local information entropy:  0.2958063225E+00
 Interaction region indicator (IRI):  0.1904861108E-11
 Reduced density gradient (RDG):  0.1000000000E+03
 Reduced density gradient with promolecular approximation:  0.1000000000E+03
 Sign(lambda2)*rho: -0.3018552850E+03
 Sign(lambda2)*rho with promolecular approximation: -0.2923705659E+03
 Corr. hole for alpha, ref.:   0.00000   0.00000   0.00000 : -0.3622982340E-05
 Source function, ref.:   0.00000   0.00000   0.00000 :  0.3004615100E+05
 Wavefunction value for orbital       1 :  0.3649274225E-05
 Average local ionization energy (ALIE):  0.1835235724E+02
 van der Waals potential (probe atom: C ):  0.4046632343E+72 kcal/mol
 Delta-g (under promolecular approximation):  0.5766209663E-01
 Delta-g (under Hirshfeld partition):  0.9441858960E-01
 User-defined real space function:  0.1000000000E+01
 ESP from nuclear charges:  0.1320797519E+07
 
 Note: Below information is for electron density
 
 Components of gradient in x/y/z are:
 -0.2282849465E-09 -0.9918190713E-09 -0.3270161919E-12
 Norm of gradient is:  0.1017752030E-08
 
 Components of Laplacian in x/y/z are:
 -0.1503920434E+07 -0.1503927455E+07 -0.1503911377E+07
 Total: -0.4511759266E+07
 
 Hessian matrix:
 -0.1503920434E+07  0.1451949116E+01  0.1385829142E+02
  0.1451949116E+01 -0.1503927455E+07  0.2433277771E+01
  0.1385829142E+02  0.2433277771E+01 -0.1503911377E+07
 Eigenvalues of Hessian: -0.1503930508E+07 -0.1503927733E+07 -0.1503901025E+07
 Eigenvectors (columns) of Hessian:
 -0.8009867447E+00 -0.1358934646E+00  0.5830550584E+00
 -0.9069935938E-01  0.9902009653E+00  0.1061869789E+00
  0.5917717981E+00 -0.3217164227E-01  0.8054632980E+00
 Determinant of Hessian: -0.3401527549E+19
 Ellipticity of electron density:    0.000002
 eta index:   -1.000020
 Stiffness:   -1.000018
 
 Stress tensor:
 -0.3760296474E+06 -0.5680065800E+00 -0.3435178959E+01
 -0.5680065800E+00 -0.3760272321E+06 -0.5652412976E+00
 -0.3435178959E+01 -0.5652412976E+00 -0.3760319454E+06
 Eigenvalues of stress tensor: -0.3760345046E+06 -0.3760272908E+06 -0.3760270294E+06
 Eigenvectors (columns) of stress tensor:
  0.5824324954E+00  0.5607525448E+00  0.5884972148E+00
  0.1081078846E+00  0.6641008348E+00 -0.7397856220E+00
  0.8056581618E+00 -0.4944963749E+00 -0.3261721350E+00
 Stress tensor stiffness:    1.000020
 Stress tensor polarizability:    0.999980
 
 ----------------   CP     6,     Type (3,-3)   ----------------
 Corresponding nucleus:    68(H )
 Position (Bohr):        5.716935994158   -7.768174542668    5.070370522120
 Position (Angstrom):    3.025272244300   -4.110740938297    2.683124531140
 Density of all electrons:  0.4279537451E+00
 Density of Alpha electrons:  0.2139768726E+00
 Density of Beta electrons:  0.2139768726E+00
 Spin density of electrons:  0.0000000000E+00
 Lagrangian kinetic energy G(r):  0.6898778812E-02
 G(r) in X,Y,Z:  0.2646490883E-02  0.1457802858E-02  0.2794485071E-02
 Hamiltonian kinetic energy K(r):  0.6350789431E+01
 Potential energy density V(r): -0.6357688210E+01
 Energy density E(r) or H(r): -0.6350789431E+01
 Laplacian of electron density: -0.2537556261E+02
 Electron localization function (ELF):  0.9999019833E+00
 Localized orbital locator (LOL):  0.9902102932E+00
 Local information entropy:  0.6194717448E-02
 Interaction region indicator (IRI):  0.6295639657E-14
 Reduced density gradient (RDG):  0.1000000000E+03
 Reduced density gradient with promolecular approximation:  0.1000000000E+03
 Sign(lambda2)*rho: -0.4279537451E+00
 Sign(lambda2)*rho with promolecular approximation: -0.2973050760E+00
 Corr. hole for alpha, ref.:   0.00000   0.00000   0.00000 : -0.2779099446E-04
 Source function, ref.:   0.00000   0.00000   0.00000 :  0.1853162924E+00
 Wavefunction value for orbital       1 :  0.7986980386E-06
 Average local ionization energy (ALIE):  0.5654748123E+00
 van der Waals potential (probe atom: C ):  0.7248587176E+27 kcal/mol
 Delta-g (under promolecular approximation):  0.1038691132E+00
 Delta-g (under Hirshfeld partition):  0.1950617713E+00
 User-defined real space function:  0.1000000000E+01
 ESP from nuclear charges:  0.8007653072E+02
 
 Note: Below information is for electron density
 
 Components of gradient in x/y/z are:
  0.4644722107E-15  0.1968911145E-14  0.1425942697E-14
 Norm of gradient is:  0.2475006689E-14
 
 Components of Laplacian in x/y/z are:
 -0.8702447189E+01 -0.8034033189E+01 -0.8639082231E+01
 Total: -0.2537556261E+02
 
 Hessian matrix:
 -0.8702447189E+01  0.3377714999E-01 -0.8387306736E-02
  0.3377714999E-01 -0.8034033189E+01 -0.2036945088E+00
 -0.8387306736E-02 -0.2036945088E+00 -0.8639082231E+01
 Eigenvalues of Hessian: -0.8705001530E+01 -0.8700361738E+01 -0.7970199341E+01
 Eigenvectors (columns) of Hessian:
  0.8962038414E+00  0.4411020663E+00 -0.4740930014E-01
 -0.1695714389E+00  0.2418408289E+00 -0.9553839755E+00
 -0.4099563413E+00  0.8642580521E+00  0.2915369919E+00
 Determinant of Hessian: -0.6036362955E+03
 Ellipticity of electron density:    0.000533
 eta index:   -1.092194
 Stiffness:   -1.091612
 
 Stress tensor:
 -0.2180904779E+01  0.8518390259E-02 -0.2528714603E-02
  0.8518390259E-02 -0.2011423903E+01 -0.5174052836E-01
 -0.2528714603E-02 -0.5174052836E-01 -0.2165359528E+01
 Eigenvalues of stress tensor: -0.2181349746E+01 -0.2181114216E+01 -0.1995224248E+01
 Eigenvectors (columns) of stress tensor:
  0.9560444847E+00  0.2892994468E+00 -0.4779930366E-01
 -0.1282206795E+00  0.2658666940E+00 -0.9554445868E+00
 -0.2637013475E+00  0.9195763868E+00  0.2912745581E+00
 Stress tensor stiffness:    1.093286
 Stress tensor polarizability:    0.914674
 
 ----------------   CP     7,     Type (3,-3)   ----------------
 Corresponding nucleus:    27(O )
 Position (Bohr):       -5.806905610430   -7.468506629442    0.067710395236
 Position (Angstrom):   -3.072882114905   -3.952163507779    0.035830798100
 Density of all electrons:  0.3018143267E+03
 Density of Alpha electrons:  0.1509071633E+03
 Density of Beta electrons:  0.1509071633E+03
 Spin density of electrons:  0.0000000000E+00
 Lagrangian kinetic energy G(r):  0.7478049941E+02
 G(r) in X,Y,Z:  0.2321204254E+02  0.2778833955E+02  0.2378011732E+02
 Hamiltonian kinetic energy K(r):  0.1127851192E+07
 Potential energy density V(r): -0.1127925973E+07
 Energy density E(r) or H(r): -0.1127851192E+07
 Laplacian of electron density: -0.4511105648E+07
 Electron localization function (ELF):  0.9999963218E+00
 Localized orbital locator (LOL):  0.9980857974E+00
 Local information entropy:  0.2958504556E+00
 Interaction region indicator (IRI):  0.5661723200E-12
 Reduced density gradient (RDG):  0.1000000000E+03
 Reduced density gradient with promolecular approximation:  0.1000000000E+03
 Sign(lambda2)*rho: -0.3018143267E+03
 Sign(lambda2)*rho with promolecular approximation: -0.2923721257E+03
 Corr. hole for alpha, ref.:   0.00000   0.00000   0.00000 : -0.5895822853E-05
 Source function, ref.:   0.00000   0.00000   0.00000 :  0.3794491116E+05
 Wavefunction value for orbital       1 :  0.4587734283E-05
 Average local ionization energy (ALIE):  0.1839129160E+02
 van der Waals potential (probe atom: C ):  0.7023250173E+72 kcal/mol
 Delta-g (under promolecular approximation):  0.5852374126E-01
 Delta-g (under Hirshfeld partition):  0.9597671114E-01
 User-defined real space function:  0.1000000000E+01
 ESP from nuclear charges:  0.1382901198E+07
 
 Note: Below information is for electron density
 
 Components of gradient in x/y/z are:
 -0.2887823314E-09  0.8933920270E-10  0.1014965889E-10
 Norm of gradient is:  0.3024561847E-09
 
 Components of Laplacian in x/y/z are:
 -0.1503708153E+07 -0.1503690779E+07 -0.1503706716E+07
 Total: -0.4511105648E+07
 
 Hessian matrix:
 -0.1503708153E+07 -0.6654366666E+01 -0.1921116710E+01
 -0.6654366666E+01 -0.1503690779E+07  0.1221115236E+02
 -0.1921116710E+01  0.1221115236E+02 -0.1503706716E+07
 Eigenvalues of Hessian: -0.1503713855E+07 -0.1503709408E+07 -0.1503682385E+07
 Eigenvectors (columns) of Hessian:
 -0.3340875583E+00 -0.9075016813E+00 -0.2546099014E+00
 -0.5143095421E+00 -0.5084954560E-01  0.8560957999E+00
  0.7898551756E+00 -0.4169592572E+00  0.4497485736E+00
 Determinant of Hessian: -0.3400049426E+19
 Ellipticity of electron density:    0.000003
 eta index:   -1.000021
 Stiffness:   -1.000018
 
 Stress tensor:
 -0.3759734623E+06  0.1773855468E+01  0.7243039458E+00
  0.1773855468E+01 -0.3759782714E+06 -0.2960145394E+01
  0.7243039458E+00 -0.2960145394E+01 -0.3759742393E+06
 Eigenvalues of stress tensor: -0.3759803639E+06 -0.3759730289E+06 -0.3759725802E+06
 Eigenvectors (columns) of stress tensor:
  0.2664514654E+00 -0.8569248525E+00  0.4412294343E+00
 -0.8550834331E+00  0.1090524756E-02  0.5184892797E+00
 -0.4447875211E+00 -0.5154402078E+00 -0.7324516729E+00
 Stress tensor stiffness:    1.000021
 Stress tensor polarizability:    0.999979
 
 ----------------   CP     8,     Type (3,-3)   ----------------
 Corresponding nucleus:    22(C )
 Position (Bohr):        1.788678242691   -9.017006399308   -2.587692623820
 Position (Angstrom):    0.946527763670   -4.771594297080   -1.369347965347
 Density of all electrons:  0.1221813416E+03
 Density of Alpha electrons:  0.6109067079E+02
 Density of Beta electrons:  0.6109067079E+02
 Spin density of electrons:  0.0000000000E+00
 Lagrangian kinetic energy G(r):  0.8347336466E+01
 G(r) in X,Y,Z:  0.2712445401E+01  0.2949609529E+01  0.2685281535E+01
 Hamiltonian kinetic energy K(r):  0.2423223621E+06
 Potential energy density V(r): -0.2423307094E+06
 Energy density E(r) or H(r): -0.2423223621E+06
 Laplacian of electron density: -0.9692560590E+06
 Electron localization function (ELF):  0.9999990662E+00
 Localized orbital locator (LOL):  0.9990345754E+00
 Local information entropy:  0.3471112273E+00
 Interaction region indicator (IRI):  0.4176618946E-12
 Reduced density gradient (RDG):  0.1000000000E+03
 Reduced density gradient with promolecular approximation:  0.1000000000E+03
 Sign(lambda2)*rho: -0.1221813416E+03
 Sign(lambda2)*rho with promolecular approximation: -0.1213937952E+03
 Corr. hole for alpha, ref.:   0.00000   0.00000   0.00000 : -0.1015916630E-03
 Source function, ref.:   0.00000   0.00000   0.00000 :  0.8076564251E+04
 Wavefunction value for orbital       1 :  0.2799694584E-05
 Average local ionization energy (ALIE):  0.1004413168E+02
 van der Waals potential (probe atom: C ):  0.1109931713E+80 kcal/mol
 Delta-g (under promolecular approximation):  0.5712095824E-01
 Delta-g (under Hirshfeld partition):  0.7327114250E-01
 User-defined real space function:  0.1000000000E+01
 ESP from nuclear charges:  0.3844680100E+07
 
 Note: Below information is for electron density
 
 Components of gradient in x/y/z are:
  0.2541677979E-10  0.3496358758E-10 -0.7028638782E-10
 Norm of gradient is:  0.8251449245E-10
 
 Components of Laplacian in x/y/z are:
 -0.3230854948E+06 -0.3230848320E+06 -0.3230857322E+06
 Total: -0.9692560590E+06
 
 Hessian matrix:
 -0.3230854948E+06  0.1332240327E+01 -0.8500398270E+00
  0.1332240327E+01 -0.3230848320E+06  0.9779887095E+00
 -0.8500398270E+00  0.9779887095E+00 -0.3230857322E+06
 Eigenvalues of Hessian: -0.3230874741E+06 -0.3230848378E+06 -0.3230837472E+06
 Eigenvectors (columns) of Hessian:
  0.6091431996E+00 -0.5783242493E+00  0.5426652974E+00
 -0.5266406392E+00  0.2166316191E+00  0.8220221279E+00
  0.5929537920E+00  0.7865187883E+00  0.1726093748E+00
 Determinant of Hessian: -0.3372498844E+17
 Ellipticity of electron density:    0.000008
 eta index:   -1.000012
 Stiffness:   -1.000003
 
 Stress tensor:
 -0.8077679860E+05 -0.4432728765E+00  0.2761594451E+00
 -0.4432728765E+00 -0.8077710722E+05 -0.3896513507E+00
  0.2761594451E+00 -0.3896513507E+00 -0.8077680362E+05
 Eigenvalues of stress tensor: -0.8077747548E+05 -0.8077707540E+05 -0.8077615856E+05
 Eigenvectors (columns) of stress tensor:
 -0.4259441738E+00 -0.6614338347E+00 -0.6173142174E+00
 -0.8475885638E+00  0.5304528262E-01  0.5279960459E+00
 -0.3164888422E+00  0.7481253105E+00 -0.5832180831E+00
 Stress tensor stiffness:    1.000016
 Stress tensor polarizability:    0.999984
 
 ----------------   CP     9,     Type (3,-3)   ----------------
 Corresponding nucleus:    24(N )
 Position (Bohr):        0.661189728348   -8.203840654390   -0.470996303619
 Position (Angstrom):    0.349886536325   -4.341285516183   -0.249240510295
 Density of all electrons:  0.1980520775E+03
 Density of Alpha electrons:  0.9902603874E+02
 Density of Beta electrons:  0.9902603874E+02
 Spin density of electrons:  0.0000000000E+00
 Lagrangian kinetic energy G(r):  0.2894515312E+02
 G(r) in X,Y,Z:  0.9510390320E+01  0.9486759876E+01  0.9948002926E+01
 Hamiltonian kinetic energy K(r):  0.5528438539E+06
 Potential energy density V(r): -0.5528727990E+06
 Energy density E(r) or H(r): -0.5528438539E+06
 Laplacian of electron density: -0.2211259635E+07
 Electron localization function (ELF):  0.9999977557E+00
 Localized orbital locator (LOL):  0.9985041382E+00
 Local information entropy:  0.3658171063E+00
 Interaction region indicator (IRI):  0.1707682425E-11
 Reduced density gradient (RDG):  0.1000000000E+03
 Reduced density gradient with promolecular approximation:  0.1000000000E+03
 Sign(lambda2)*rho: -0.1980520775E+03
 Sign(lambda2)*rho with promolecular approximation: -0.1931713646E+03
 Corr. hole for alpha, ref.:   0.00000   0.00000   0.00000 : -0.8231689625E-04
 Source function, ref.:   0.00000   0.00000   0.00000 :  0.2134502973E+05
 Wavefunction value for orbital       1 : -0.2834731805E-04
 Average local ionization energy (ALIE):  0.1394005284E+02
 van der Waals potential (probe atom: C ):  0.7396813408E+79 kcal/mol
 Delta-g (under promolecular approximation):  0.4594947746E-01
 Delta-g (under Hirshfeld partition):  0.7103324082E-01
 User-defined real space function:  0.1000000000E+01
 ESP from nuclear charges:  0.4526499549E+07
 
 Note: Below information is for electron density
 
 Components of gradient in x/y/z are:
 -0.3960998196E-10  0.5724066221E-09 -0.1362843172E-10
 Norm of gradient is:  0.5739373013E-09
 
 Components of Laplacian in x/y/z are:
 -0.7370869842E+06 -0.7370872869E+06 -0.7370853638E+06
 Total: -0.2211259635E+07
 
 Hessian matrix:
 -0.7370869842E+06 -0.4057370769E+01  0.5137701411E+01
 -0.4057370769E+01 -0.7370872869E+06 -0.3288663410E+01
  0.5137701411E+01 -0.3288663410E+01 -0.7370853638E+06
 Eigenvalues of Hessian: -0.7370918061E+06 -0.7370897439E+06 -0.7370780849E+06
 Eigenvectors (columns) of Hessian:
  0.8041683469E+00 -0.4719553008E-01  0.5925249799E+00
  0.4061787237E+00  0.7714267237E+00 -0.4898159393E+00
 -0.4339724811E+00  0.6345655143E+00  0.6395267733E+00
 Determinant of Hessian: -0.4004565951E+18
 Ellipticity of electron density:    0.000003
 eta index:   -1.000019
 Stiffness:   -1.000016
 
 Stress tensor:
 -0.1842907668E+06  0.8891020650E+00 -0.1094208846E+01
  0.8891020650E+00 -0.1842907952E+06  0.6369383309E+00
 -0.1094208846E+01  0.6369383309E+00 -0.1842912370E+06
 Eigenvalues of stress tensor: -0.1842927105E+06 -0.1842903496E+06 -0.1842897389E+06
 Eigenvectors (columns) of stress tensor:
  0.5869040297E+00  0.8426143865E-01 -0.8052600014E+00
 -0.4874368056E+00 -0.7573667255E+00 -0.4345123745E+00
  0.6464897683E+00 -0.6475304263E+00  0.4034294567E+00
 Stress tensor stiffness:    1.000016
 Stress tensor polarizability:    0.999984
 
 ----------------   CP    10,     Type (3,-3)   ----------------
 Corresponding nucleus:    26(C )
 Position (Bohr):       -3.668603816748   -7.271303820544    0.908942654216
 Position (Angstrom):   -1.941341535655   -3.847808275384    0.480991738629
 Density of all electrons:  0.1222075838E+03
 Density of Alpha electrons:  0.6110379190E+02
 Density of Beta electrons:  0.6110379190E+02
 Spin density of electrons:  0.0000000000E+00
 Lagrangian kinetic energy G(r):  0.8324864813E+01
 G(r) in X,Y,Z:  0.3181502501E+01  0.2745700126E+01  0.2397662187E+01
 Hamiltonian kinetic energy K(r):  0.2423785771E+06
 Potential energy density V(r): -0.2423869019E+06
 Energy density E(r) or H(r): -0.2423785771E+06
 Laplacian of electron density: -0.9694810088E+06
 Electron localization function (ELF):  0.9999990718E+00
 Localized orbital locator (LOL):  0.9990375161E+00
 Local information entropy:  0.3471317780E+00
 Interaction region indicator (IRI):  0.5631059523E-12
 Reduced density gradient (RDG):  0.1000000000E+03
 Reduced density gradient with promolecular approximation:  0.1000000000E+03
 Sign(lambda2)*rho: -0.1222075838E+03
 Sign(lambda2)*rho with promolecular approximation: -0.1213935800E+03
 Corr. hole for alpha, ref.:   0.00000   0.00000   0.00000 : -0.8853473109E-04
 Source function, ref.:   0.00000   0.00000   0.00000 :  0.9414229923E+04
 Wavefunction value for orbital       1 :  0.2343980230E-04
 Average local ionization energy (ALIE):  0.1007548116E+02
 van der Waals potential (probe atom: C ):  0.8154913533E+79 kcal/mol
 Delta-g (under promolecular approximation):  0.6158158564E-01
 Delta-g (under Hirshfeld partition):  0.7669625171E-01
 User-defined real space function:  0.1000000000E+01
 ESP from nuclear charges:  0.3747178093E+07
 
 Note: Below information is for electron density
 
 Components of gradient in x/y/z are:
  0.6377476325E-10  0.9110129318E-10  0.3935407555E-11
 Norm of gradient is:  0.1112751252E-09
 
 Components of Laplacian in x/y/z are:
 -0.3231589946E+06 -0.3231603889E+06 -0.3231616253E+06
 Total: -0.9694810088E+06
 
 Hessian matrix:
 -0.3231589946E+06 -0.9123626288E+00  0.7723357759E+00
 -0.9123626288E+00 -0.3231603889E+06  0.1265150293E+01
  0.7723357759E+00  0.1265150293E+01 -0.3231616253E+06
 Eigenvalues of Hessian: -0.3231627630E+06 -0.3231597104E+06 -0.3231585354E+06
 Eigenvectors (columns) of Hessian:
 -0.2919891292E+00  0.2898720413E+00  0.9114365299E+00
 -0.5347723036E+00  0.7405972890E+00 -0.4068589913E+00
  0.7929444695E+00  0.6062094153E+00  0.6123081825E-01
 Determinant of Hessian: -0.3374847508E+17
 Ellipticity of electron density:    0.000009
 eta index:   -1.000013
 Stiffness:   -1.000004
 
 Stress tensor:
 -0.8079611165E+05  0.2459672897E+00 -0.3111580489E+00
  0.2459672897E+00 -0.8079558862E+05 -0.4197007804E+00
 -0.3111580489E+00 -0.4197007804E+00 -0.8079520165E+05
 Eigenvalues of stress tensor: -0.8079623536E+05 -0.8079585365E+05 -0.8079481291E+05
 Eigenvectors (columns) of stress tensor:
 -0.9522969533E+00  0.9177000979E-01 -0.2910477247E+00
  0.2391707806E+00  0.8167972100E+00 -0.5250139574E+00
 -0.1895464335E+00  0.5695793036E+00  0.7997821994E+00
 Stress tensor stiffness:    1.000018
 Stress tensor polarizability:    0.999982
 
 ----------------   CP    11,     Type (3,-3)   ----------------
 Corresponding nucleus:    84(H )
 Position (Bohr):       -9.362157105443   -5.509946096151    2.501044305711
 Position (Angstrom):   -4.954240185094   -2.915737907387    1.323495650041
 Density of all electrons:  0.4356238537E+00
 Density of Alpha electrons:  0.2178119268E+00
 Density of Beta electrons:  0.2178119268E+00
 Spin density of electrons:  0.0000000000E+00
 Lagrangian kinetic energy G(r):  0.7021392590E-02
 G(r) in X,Y,Z:  0.2532157635E-02  0.1781710985E-02  0.2707523970E-02
 Hamiltonian kinetic energy K(r):  0.6446873358E+01
 Potential energy density V(r): -0.6453894751E+01
 Energy density E(r) or H(r): -0.6446873358E+01
 Laplacian of electron density: -0.2575940786E+02
 Electron localization function (ELF):  0.9999043103E+00
 Localized orbital locator (LOL):  0.9903258380E+00
 Local information entropy:  0.6289821119E-02
 Interaction region indicator (IRI):  0.1151131627E-13
 Reduced density gradient (RDG):  0.1000000000E+03
 Reduced density gradient with promolecular approximation:  0.1000000000E+03
 Sign(lambda2)*rho: -0.4356238537E+00
 Sign(lambda2)*rho with promolecular approximation: -0.2975399628E+00
 Corr. hole for alpha, ref.:   0.00000   0.00000   0.00000 : -0.5625178913E-04
 Source function, ref.:   0.00000   0.00000   0.00000 :  0.1838874535E+00
 Wavefunction value for orbital       1 : -0.1165527575E-05
 Average local ionization energy (ALIE):  0.5896257280E+00
 van der Waals potential (probe atom: C ):  0.6144783200E+27 kcal/mol
 Delta-g (under promolecular approximation):  0.1059257623E+00
 Delta-g (under Hirshfeld partition):  0.2022233363E+00
 User-defined real space function:  0.1000000000E+01
 ESP from nuclear charges:  0.8076907751E+02
 
 Note: Below information is for electron density
 
 Components of gradient in x/y/z are:
 -0.3083470979E-14  0.2962907697E-14  0.1734723476E-14
 Norm of gradient is:  0.4614746021E-14
 
 Components of Laplacian in x/y/z are:
 -0.8731237012E+01 -0.8283679333E+01 -0.8744491518E+01
 Total: -0.2575940786E+02
 
 Hessian matrix:
 -0.8731237012E+01 -0.2472380810E+00  0.1053049162E+00
 -0.2472380810E+00 -0.8283679333E+01 -0.2308240566E+00
  0.1053049162E+00 -0.2308240566E+00 -0.8744491518E+01
 Eigenvalues of Hessian: -0.8843431543E+01 -0.8838485961E+01 -0.8077490359E+01
 Eigenvectors (columns) of Hessian:
  0.7449475495E+00 -0.5481917785E+00  0.3801827488E+00
  0.5486905602E-01 -0.5176061846E+00 -0.8538578479E+00
 -0.6648627943E+00 -0.6569395799E+00  0.3555106934E+00
 Determinant of Hessian: -0.6313572080E+03
 Ellipticity of electron density:    0.000560
 eta index:   -1.094824
 Stiffness:   -1.094212
 
 Stress tensor:
 -0.2187873568E+01 -0.6203956067E-01  0.2574850031E-01
 -0.6203956067E-01 -0.2074483255E+01 -0.5899298558E-01
  0.2574850031E-01 -0.5899298558E-01 -0.2191537927E+01
 Eigenvalues of stress tensor: -0.2216117410E+01 -0.2215167882E+01 -0.2022609459E+01
 Eigenvectors (columns) of stress tensor:
  0.7813765214E-01 -0.9231027976E+00 -0.3765311838E+00
  0.4122956921E+00 -0.3139530858E+00  0.8552460010E+00
  0.9076931032E+00  0.2220690995E+00 -0.3560597498E+00
 Stress tensor stiffness:    1.095672
 Stress tensor polarizability:    0.912682
 
 ----------------   CP    12,     Type (3,-3)   ----------------
 Corresponding nucleus:    19(O )
 Position (Bohr):        1.390733680047   -5.897715550797    5.289682938627
 Position (Angstrom):    0.735944569916   -3.120936665870    2.799179664024
 Density of all electrons:  0.3017297897E+03
 Density of Alpha electrons:  0.1508648949E+03
 Density of Beta electrons:  0.1508648949E+03
 Spin density of electrons:  0.0000000000E+00
 Lagrangian kinetic energy G(r):  0.7486650207E+02
 G(r) in X,Y,Z:  0.2502442156E+02  0.2513821133E+02  0.2470386918E+02
 Hamiltonian kinetic energy K(r):  0.1127524022E+07
 Potential energy density V(r): -0.1127598889E+07
 Energy density E(r) or H(r): -0.1127524022E+07
 Laplacian of electron density: -0.4509796624E+07
 Electron localization function (ELF):  0.9999963099E+00
 Localized orbital locator (LOL):  0.9980827069E+00
 Local information entropy:  0.2959415091E+00
 Interaction region indicator (IRI):  0.1338654694E-11
 Reduced density gradient (RDG):  0.1000000000E+03
 Reduced density gradient with promolecular approximation:  0.1000000000E+03
 Sign(lambda2)*rho: -0.3017297897E+03
 Sign(lambda2)*rho with promolecular approximation: -0.2923736302E+03
 Corr. hole for alpha, ref.:   0.00000   0.00000   0.00000 : -0.1621365291E-03
 Source function, ref.:   0.00000   0.00000   0.00000 :  0.4461715614E+05
 Wavefunction value for orbital       1 :  0.5622629524E-05
 Average local ionization energy (ALIE):  0.1838478438E+02
 van der Waals potential (probe atom: C ):  0.2649589737E+73 kcal/mol
 Delta-g (under promolecular approximation):  0.5268095410E-01
 Delta-g (under Hirshfeld partition):  0.8687921905E-01
 User-defined real space function:  0.1000000000E+01
 ESP from nuclear charges:  0.1544696759E+07
 
 Note: Below information is for electron density
 
 Components of gradient in x/y/z are:
 -0.1340991762E-09 -0.6042413236E-09  0.3577702579E-09
 Norm of gradient is:  0.7149053949E-09
 
 Components of Laplacian in x/y/z are:
 -0.1503265422E+07 -0.1503264821E+07 -0.1503266381E+07
 Total: -0.4509796624E+07
 
 Hessian matrix:
 -0.1503265422E+07 -0.8825198263E+01  0.8815613592E+01
 -0.8825198263E+01 -0.1503264821E+07 -0.6746176388E+01
  0.8815613592E+01 -0.6746176388E+01 -0.1503266381E+07
 Eigenvalues of Hessian: -0.1503275118E+07 -0.1503272284E+07 -0.1503249223E+07
 Eigenvectors (columns) of Hessian:
 -0.7782230039E+00 -0.1496289633E+00  0.6099017377E+00
 -0.3087293186E+00 -0.7545740566E+00 -0.5790545751E+00
  0.5468593641E+00 -0.6389281387E+00  0.5410320411E+00
 Determinant of Hessian: -0.3397090425E+19
 Ellipticity of electron density:    0.000002
 eta index:   -1.000017
 Stiffness:   -1.000015
 
 Stress tensor:
 -0.3758664043E+06  0.2321590449E+01 -0.2359231394E+01
  0.2321590449E+01 -0.3758664817E+06  0.1468541248E+01
 -0.2359231394E+01  0.1468541248E+01 -0.3758660029E+06
 Eigenvalues of stress tensor: -0.3758704363E+06 -0.3758647956E+06 -0.3758636571E+06
 Eigenvectors (columns) of stress tensor:
 -0.6340962803E+00  0.1371551419E+00 -0.7609930186E+00
  0.5673622311E+00  0.7511887498E+00 -0.3373656190E+00
 -0.5253779649E+00  0.6456809810E+00  0.5541426394E+00
 Stress tensor stiffness:    1.000018
 Stress tensor polarizability:    0.999982
 
 ----------------   CP    13,     Type (3,-3)   ----------------
 Corresponding nucleus:    81(H )
 Position (Bohr):      -11.570002442295   -5.932952533647   -1.347150888903
 Position (Angstrom):   -6.122581622554   -3.139583274175   -0.712881550055
 Density of all electrons:  0.4367114552E+00
 Density of Alpha electrons:  0.2183557276E+00
 Density of Beta electrons:  0.2183557276E+00
 Spin density of electrons:  0.0000000000E+00
