 ----------------   CP     1,     Type (3,-3)   ----------------
 Corresponding nucleus:   127(H )
 Position (Bohr):       -6.839211735954  -14.899935305098   -4.109410553336
 Position (Angstrom):   -3.619154991207   -7.884706207387   -2.174606415070
 Density of all electrons:  0.4298883709E+00
 Density of Alpha electrons:  0.2149441855E+00
 Density of Beta electrons:  0.2149441855E+00
 Spin density of electrons:  0.0000000000E+00
 Lagrangian kinetic energy G(r):  0.6827077724E-02
 G(r) in X,Y,Z:  0.2123050301E-02  0.2025070220E-02  0.2678957204E-02
 Hamiltonian kinetic energy K(r):  0.6382843763E+01
 Potential energy density V(r): -0.6389670841E+01
 Energy density E(r) or H(r): -0.6382843763E+01
 Laplacian of electron density: -0.2550406674E+02
 Electron localization function (ELF):  0.9999054393E+00
 Localized orbital locator (LOL):  0.9903829198E+00
 Local information entropy:  0.5829517162E-02
 Interaction region indicator (IRI):  0.1328260279E-13
 Reduced density gradient (RDG):  0.1000000000E+03
 Reduced density gradient with promolecular approximation:  0.1000000000E+03
 Sign(lambda2)*rho: -0.4298883709E+00
 Sign(lambda2)*rho with promolecular approximation: -0.2974995825E+00
 Corr. hole for alpha, ref.:   0.00000   0.00000   0.00000 : -0.2300854079E-10
 Source function, ref.:   0.00000   0.00000   0.00000 :  0.1200790228E+00
 Wavefunction value for orbital       1 :  0.2412572810E-06
 Average local ionization energy (ALIE):  0.6169555119E+00
 van der Waals potential (probe atom: C ):  0.7149474628E+27 kcal/mol
 Delta-g (under promolecular approximation):  0.1058246756E+00
 Delta-g (under Hirshfeld partition):  0.1991696788E+00
 User-defined real space function:  0.1000000000E+01
 ESP from nuclear charges:  0.6937447535E+02
 
 Note: Below information is for electron density
 
 Components of gradient in x/y/z are:
 -0.1007874340E-14 -0.4858960456E-14 -0.1706967900E-14
 Norm of gradient is:  0.5247765888E-14
 
 Components of Laplacian in x/y/z are:
 -0.8418844293E+01 -0.8351753931E+01 -0.8733468517E+01
 Total: -0.2550406674E+02
 
 Hessian matrix:
 -0.8418844293E+01  0.3597137857E+00  0.7039429675E-01
  0.3597137857E+00 -0.8351753931E+01  0.7522720940E-01
  0.7039429675E-01  0.7522720940E-01 -0.8733468517E+01
 Eigenvalues of Hessian: -0.8748913355E+01 -0.8745785125E+01 -0.8009368261E+01
 Eigenvectors (columns) of Hessian:
 -0.4530885398E+00 -0.5915040948E+00  0.6669585302E+00
  0.2481904361E+00  0.6348814294E+00  0.7316604937E+00
  0.8562197630E+00 -0.4970397132E+00  0.1408518406E+00
 Determinant of Hessian: -0.6128457532E+03
 Ellipticity of electron density:    0.000358
 eta index:   -1.092335
 Stiffness:   -1.091944
 
 Stress tensor:
 -0.2108957174E+01  0.9160703878E-01  0.1761813257E-01
  0.9160703878E-01 -0.2091988623E+01  0.1933656267E-01
  0.1761813257E-01  0.1933656267E-01 -0.2188725044E+01
 Eigenvalues of stress tensor: -0.2192473932E+01 -0.2192442717E+01 -0.2004754191E+01
 Eigenvectors (columns) of stress tensor:
  0.6919476211E+00 -0.2762605138E+00 -0.6669997137E+00
 -0.6783551429E+00  0.6738506048E-01 -0.7316375836E+00
  0.2470683908E+00  0.9587175716E+00 -0.1407758080E+00
 Stress tensor stiffness:    1.093637
 Stress tensor polarizability:    0.914380
 
 ----------------   CP     2,     Type (3,-3)   ----------------
 Corresponding nucleus:     3(O )
 Position (Bohr):       -7.788815727861  -12.641081835809    0.029370571963
 Position (Angstrom):   -4.121663783107   -6.689372428670    0.015542237354
 Density of all electrons:  0.3018559773E+03
 Density of Alpha electrons:  0.1509279886E+03
 Density of Beta electrons:  0.1509279886E+03
 Spin density of electrons:  0.0000000000E+00
 Lagrangian kinetic energy G(r):  0.7449056851E+02
 G(r) in X,Y,Z:  0.2311155338E+02  0.2568288431E+02  0.2569613082E+02
 Hamiltonian kinetic energy K(r):  0.1128010632E+07
 Potential energy density V(r): -0.1128085123E+07
 Energy density E(r) or H(r): -0.1128010632E+07
 Laplacian of electron density: -0.4511744566E+07
 Electron localization function (ELF):  0.9999963519E+00
 Localized orbital locator (LOL):  0.9980936425E+00
 Local information entropy:  0.3177216640E+00
 Interaction region indicator (IRI):  0.2383567616E-11
 Reduced density gradient (RDG):  0.1000000000E+03
 Reduced density gradient with promolecular approximation:  0.1000000000E+03
 Sign(lambda2)*rho: -0.3018559773E+03
 Sign(lambda2)*rho with promolecular approximation: -0.2923706754E+03
 Corr. hole for alpha, ref.:   0.00000   0.00000   0.00000 : -0.7051245196E-08
 Source function, ref.:   0.00000   0.00000   0.00000 :  0.2418055849E+05
 Wavefunction value for orbital       1 : -0.5637949565E-06
 Average local ionization energy (ALIE):  0.1842810674E+02
 van der Waals potential (probe atom: C ):  0.4851237647E+72 kcal/mol
 Delta-g (under promolecular approximation):  0.5624903970E-01
 Delta-g (under Hirshfeld partition):  0.9209938997E-01
 User-defined real space function:  0.1000000000E+01
 ESP from nuclear charges:  0.1340905219E+07
 
 Note: Below information is for electron density
 
 Components of gradient in x/y/z are:
  0.3553730643E-09 -0.1222936641E-08  0.2959854584E-12
 Norm of gradient is:  0.1273524295E-08
 
 Components of Laplacian in x/y/z are:
 -0.1503921254E+07 -0.1503911827E+07 -0.1503911485E+07
 Total: -0.4511744566E+07
 
 Hessian matrix:
 -0.1503921254E+07  0.6649279894E+01  0.5146924507E+01
  0.6649279894E+01 -0.1503911827E+07  0.1292975389E+02
  0.5146924507E+01  0.1292975389E+02 -0.1503911485E+07
 Eigenvalues of Hessian: -0.1503925398E+07 -0.1503923195E+07 -0.1503895973E+07
 Eigenvectors (columns) of Hessian:
  0.5777163223E+00 -0.7536139420E+00 -0.3135440596E+00
 -0.6933827463E+00 -0.2504369384E+00 -0.6756491005E+00
  0.4306555677E+00  0.6077395546E+00 -0.6672244118E+00
 Determinant of Hessian: -0.3401494301E+19
 Ellipticity of electron density:    0.000001
 eta index:   -1.000020
 Stiffness:   -1.000018
 
 Stress tensor:
 -0.3760265366E+06 -0.1459048129E+01 -0.1590020491E+01
 -0.1459048129E+01 -0.3760293226E+06 -0.3316098702E+01
 -0.1590020491E+01 -0.3316098702E+01 -0.3760292634E+06
 Eigenvalues of stress tensor: -0.3760332967E+06 -0.3760260293E+06 -0.3760257966E+06
 Eigenvectors (columns) of stress tensor:
 -0.3038532846E+00 -0.4521370249E+00  0.8385972169E+00
 -0.6736772240E+00  0.7243690580E+00  0.1464529468E+00
 -0.6736706757E+00 -0.5204436362E+00 -0.5246963333E+00
 Stress tensor stiffness:    1.000020
 Stress tensor polarizability:    0.999980
 
 ----------------   CP     3,     Type (3,-3)   ----------------
 Corresponding nucleus:   128(H )
 Position (Bohr):       -3.617091760928  -14.191017043660   -3.915441777306
 Position (Angstrom):   -1.914082529628   -7.509562819041   -2.071962559168
 Density of all electrons:  0.4322201803E+00
 Density of Alpha electrons:  0.2161100902E+00
 Density of Beta electrons:  0.2161100902E+00
 Spin density of electrons:  0.0000000000E+00
 Lagrangian kinetic energy G(r):  0.7648029644E-02
 G(r) in X,Y,Z:  0.1674152464E-02  0.2900728223E-02  0.3073148957E-02
 Hamiltonian kinetic energy K(r):  0.6417023778E+01
 Potential energy density V(r): -0.6424671807E+01
 Energy density E(r) or H(r): -0.6417023778E+01
 Laplacian of electron density: -0.2563750299E+02
 Electron localization function (ELF):  0.9998834901E+00
 Localized orbital locator (LOL):  0.9893344715E+00
 Local information entropy:  0.5856675684E-02
 Interaction region indicator (IRI):  0.4055361820E-14
 Reduced density gradient (RDG):  0.1000000000E+03
 Reduced density gradient with promolecular approximation:  0.1000000000E+03
 Sign(lambda2)*rho: -0.4322201803E+00
 Sign(lambda2)*rho with promolecular approximation: -0.2979862586E+00
 Corr. hole for alpha, ref.:   0.00000   0.00000   0.00000 : -0.8062778483E-09
 Source function, ref.:   0.00000   0.00000   0.00000 :  0.1345834915E+00
 Wavefunction value for orbital       1 : -0.2508249844E-06
 Average local ionization energy (ALIE):  0.6296460220E+00
 van der Waals potential (probe atom: C ):  0.1109391093E+28 kcal/mol
 Delta-g (under promolecular approximation):  0.1055959715E+00
 Delta-g (under Hirshfeld partition):  0.1975885573E+00
 User-defined real space function:  0.1000000000E+01
 ESP from nuclear charges:  0.7269507352E+02
 
 Note: Below information is for electron density
 
 Components of gradient in x/y/z are:
  0.2983724379E-15  0.1526556659E-14 -0.4224051664E-15
 Norm of gradient is:  0.1611777736E-14
 
 Components of Laplacian in x/y/z are:
 -0.8189524446E+01 -0.8669211866E+01 -0.8778766680E+01
 Total: -0.2563750299E+02
 
 Hessian matrix:
 -0.8189524446E+01 -0.2557275446E+00 -0.3404507520E-01
 -0.2557275446E+00 -0.8669211866E+01  0.1462995911E-01
 -0.3404507520E-01  0.1462995911E-01 -0.8778766680E+01
 Eigenvalues of Hessian: -0.8780737316E+01 -0.8779955356E+01 -0.8076810320E+01
 Eigenvectors (columns) of Hessian:
  0.1021203636E+00  0.3871172957E+00  0.9163578072E+00
  0.1043875249E+00  0.9119176288E+00 -0.3968746438E+00
  0.9892798775E+00 -0.1361853063E+00 -0.5271514354E-01
 Determinant of Hessian: -0.6226775048E+03
 Ellipticity of electron density:    0.000089
 eta index:   -1.087154
 Stiffness:   -1.087057
 
 Stress tensor:
 -0.2050729416E+01 -0.6537001363E-01 -0.8448885208E-02
 -0.6537001363E-01 -0.2173104423E+01  0.3883520827E-02
 -0.8448885208E-02  0.3883520827E-02 -0.2200837968E+01
 Eigenvalues of stress tensor: -0.2201600020E+01 -0.2201176379E+01 -0.2021895408E+01
 Eigenvectors (columns) of stress tensor:
  0.2951816176E+00 -0.2710964991E+00 -0.9161738377E+00
  0.7566635880E+00 -0.5191594286E+00  0.3974087345E+00
 -0.5833764027E+00 -0.8105431364E+00  0.5188252978E-01
 Stress tensor stiffness:    1.088879
 Stress tensor polarizability:    0.918375
 
 ----------------   CP     4,     Type (3,-3)   ----------------
 Corresponding nucleus:     1(C )
 Position (Bohr):       -5.487015696674  -13.421078220390   -3.832641476262
 Position (Angstrom):   -2.903603662547   -7.102128739977   -2.028146526800
 Density of all electrons:  0.1219627475E+03
 Density of Alpha electrons:  0.6098137375E+02
 Density of Beta electrons:  0.6098137375E+02
 Spin density of electrons:  0.0000000000E+00
 Lagrangian kinetic energy G(r):  0.8867013448E+01
 G(r) in X,Y,Z:  0.3048594035E+01  0.2988489115E+01  0.2829930298E+01
 Hamiltonian kinetic energy K(r):  0.2418319290E+06
 Potential energy density V(r): -0.2418407960E+06
 Energy density E(r) or H(r): -0.2418319290E+06
 Laplacian of electron density: -0.9672922480E+06
 Electron localization function (ELF):  0.9999989399E+00
 Localized orbital locator (LOL):  0.9989714710E+00
 Local information entropy:  0.3393022336E+00
 Interaction region indicator (IRI):  0.5611028572E-12
 Reduced density gradient (RDG):  0.1000000000E+03
 Reduced density gradient with promolecular approximation:  0.1000000000E+03
 Sign(lambda2)*rho: -0.1219627475E+03
 Sign(lambda2)*rho with promolecular approximation: -0.1213944054E+03
 Corr. hole for alpha, ref.:   0.00000   0.00000   0.00000 : -0.1883080095E-08
 Source function, ref.:   0.00000   0.00000   0.00000 :  0.5132536497E+04
 Wavefunction value for orbital       1 : -0.1415071299E-06
 Average local ionization energy (ALIE):  0.1003029703E+02
 van der Waals potential (probe atom: C ):  0.2866347133E+81 kcal/mol
 Delta-g (under promolecular approximation):  0.4055865141E-01
 Delta-g (under Hirshfeld partition):  0.5373718871E-01
 User-defined real space function:  0.1000000000E+01
 ESP from nuclear charges:  0.5041119527E+07
 
 Note: Below information is for electron density
 
 Components of gradient in x/y/z are:
  0.9212144936E-10 -0.6081071757E-10 -0.7469302954E-11
 Norm of gradient is:  0.1106349641E-09
 
 Components of Laplacian in x/y/z are:
 -0.3224303885E+06 -0.3224306289E+06 -0.3224312305E+06
 Total: -0.9672922480E+06
 
 Hessian matrix:
 -0.3224303885E+06  0.3014764888E+00  0.2792431478E-01
  0.3014764888E+00 -0.3224306289E+06 -0.2813669065E+00
  0.2792431478E-01 -0.2813669065E+00 -0.3224312305E+06
 Eigenvalues of Hessian: -0.3224313627E+06 -0.3224307198E+06 -0.3224301655E+06
 Eigenvectors (columns) of Hessian:
 -0.1519794876E+00 -0.5936242595E+00  0.7902610163E+00
  0.4077160423E+00  0.6906989327E+00  0.5972458566E+00
  0.9003720699E+00 -0.4129712132E+00 -0.1370580638E+00
 Determinant of Hessian: -0.3352041275E+17
 Ellipticity of electron density:    0.000002
 eta index:   -1.000004
 Stiffness:   -1.000002
 
 Stress tensor:
 -0.8061369430E+05 -0.7572066634E-01 -0.1235513144E-01
 -0.7572066634E-01 -0.8061363421E+05  0.7515954805E-01
 -0.1235513144E-01  0.7515954805E-01 -0.8061346750E+05
 Eigenvalues of stress tensor: -0.8061374976E+05 -0.8061361380E+05 -0.8061343245E+05
 Eigenvectors (columns) of stress tensor:
 -0.7906136072E+00 -0.5917923443E+00 -0.1572003350E+00
 -0.5994198660E+00  0.6956106232E+00  0.3960071781E+00
  0.1250037933E+00 -0.4073176673E+00  0.9046913117E+00
 Stress tensor stiffness:    1.000004
 Stress tensor polarizability:    0.999996
 
 ----------------   CP     5,     Type (3,-3)   ----------------
 Corresponding nucleus:     2(C )
 Position (Bohr):       -5.951014847111  -12.174484720138   -1.318373676612
 Position (Angstrom):   -3.149141438836   -6.442459868384   -0.697653305117
 Density of all electrons:  0.1221805119E+03
 Density of Alpha electrons:  0.6109025593E+02
 Density of Beta electrons:  0.6109025593E+02
 Spin density of electrons:  0.0000000000E+00
 Lagrangian kinetic energy G(r):  0.8303930990E+01
 G(r) in X,Y,Z:  0.2811812718E+01  0.2497022992E+01  0.2995095280E+01
 Hamiltonian kinetic energy K(r):  0.2423200057E+06
 Potential energy density V(r): -0.2423283096E+06
 Energy density E(r) or H(r): -0.2423200057E+06
 Laplacian of electron density: -0.9692468069E+06
 Electron localization function (ELF):  0.9999990758E+00
 Localized orbital locator (LOL):  0.9990395798E+00
 Local information entropy:  0.3394921058E+00
 Interaction region indicator (IRI):  0.1091877405E-11
 Reduced density gradient (RDG):  0.1000000000E+03
 Reduced density gradient with promolecular approximation:  0.1000000000E+03
 Sign(lambda2)*rho: -0.1221805119E+03
 Sign(lambda2)*rho with promolecular approximation: -0.1213932675E+03
 Corr. hole for alpha, ref.:   0.00000   0.00000   0.00000 : -0.5483644316E-07
 Source function, ref.:   0.00000   0.00000   0.00000 :  0.5665051910E+04
 Wavefunction value for orbital       1 : -0.7997689327E-06
 Average local ionization energy (ALIE):  0.1012748413E+02
 van der Waals potential (probe atom: C ):  0.6005876165E+78 kcal/mol
 Delta-g (under promolecular approximation):  0.6126466737E-01
 Delta-g (under Hirshfeld partition):  0.7558608595E-01
 User-defined real space function:  0.1000000000E+01
 ESP from nuclear charges:  0.3015092621E+07
 
 Note: Below information is for electron density
 
 Components of gradient in x/y/z are:
 -0.3696043471E-10  0.2122058085E-09 -0.1160405105E-10
 Norm of gradient is:  0.2157128482E-09
 
 Components of Laplacian in x/y/z are:
 -0.3230822048E+06 -0.3230831791E+06 -0.3230814231E+06
 Total: -0.9692468069E+06
 
 Hessian matrix:
 -0.3230822048E+06  0.8732516085E+00 -0.1257595306E+01
  0.8732516085E+00 -0.3230831791E+06  0.1171554343E+01
 -0.1257595306E+01  0.1171554343E+01 -0.3230814231E+06
 Eigenvalues of Hessian: -0.3230845758E+06 -0.3230818224E+06 -0.3230804088E+06
 Eigenvectors (columns) of Hessian:
  0.5139744004E+00 -0.7012945965E+00 -0.4939799639E+00
 -0.7167017975E+00 -0.6675041255E+00  0.2019326026E+00
  0.4713479069E+00 -0.2502481397E+00  0.8456991305E+00
 Determinant of Hessian: -0.3372402268E+17
 Ellipticity of electron density:    0.000009
 eta index:   -1.000013
 Stiffness:   -1.000004
 
 Stress tensor:
 -0.8077617483E+05 -0.3274269006E+00  0.4467849716E+00
 -0.3274269006E+00 -0.8077578881E+05 -0.3506994935E+00
  0.4467849716E+00 -0.3506994935E+00 -0.8077634596E+05
 Eigenvalues of stress tensor: -0.8077672085E+05 -0.8077626886E+05 -0.8077531988E+05
 Eigenvectors (columns) of stress tensor:
 -0.5979785683E+00  0.6107528072E+00 -0.5190401144E+00
  0.8962336816E-01  0.6944659575E+00  0.7139220446E+00
  0.7964855829E+00  0.3803919588E+00 -0.4700134827E+00
 Stress tensor stiffness:    1.000017
 Stress tensor polarizability:    0.999983
 
 ----------------   CP     6,     Type (3,-3)   ----------------
 Corresponding nucleus:    73(H )
 Position (Bohr):       -3.599233542912  -10.240072385946    3.214002627706
 Position (Angstrom):   -1.904632367627   -5.418812944640    1.700776946364
 Density of all electrons:  0.4318116032E+00
 Density of Alpha electrons:  0.2159058016E+00
 Density of Beta electrons:  0.2159058016E+00
 Spin density of electrons:  0.0000000000E+00
 Lagrangian kinetic energy G(r):  0.6477005772E-02
 G(r) in X,Y,Z:  0.2558662587E-02  0.1964863581E-02  0.1953479604E-02
 Hamiltonian kinetic energy K(r):  0.6415551327E+01
 Potential energy density V(r): -0.6422028333E+01
 Energy density E(r) or H(r): -0.6415551327E+01
 Laplacian of electron density: -0.2563629729E+02
 Electron localization function (ELF):  0.9999161312E+00
 Localized orbital locator (LOL):  0.9909386008E+00
 Local information entropy:  0.5851918736E-02
 Interaction region indicator (IRI):  0.1681038630E-13
 Reduced density gradient (RDG):  0.1000000000E+03
 Reduced density gradient with promolecular approximation:  0.1000000000E+03
 Sign(lambda2)*rho: -0.4318116032E+00
 Sign(lambda2)*rho with promolecular approximation: -0.2967842729E+00
 Corr. hole for alpha, ref.:   0.00000   0.00000   0.00000 : -0.1047858492E-05
 Source function, ref.:   0.00000   0.00000   0.00000 :  0.1802176623E+00
 Wavefunction value for orbital       1 :  0.1864305588E-06
 Average local ionization energy (ALIE):  0.6585087903E+00
 van der Waals potential (probe atom: C ):  0.8926516517E+27 kcal/mol
 Delta-g (under promolecular approximation):  0.1012638359E+00
 Delta-g (under Hirshfeld partition):  0.1908991287E+00
 User-defined real space function:  0.1000000000E+01
 ESP from nuclear charges:  0.8147528861E+02
 
 Note: Below information is for electron density
 
 Components of gradient in x/y/z are:
 -0.3087807787E-15  0.6664807595E-14  0.1743397093E-15
 Norm of gradient is:  0.6674234052E-14
 
 Components of Laplacian in x/y/z are:
 -0.8703582389E+01 -0.8542645043E+01 -0.8390069854E+01
 Total: -0.2563629729E+02
 
 Hessian matrix:
 -0.8703582389E+01 -0.1396278884E+00  0.1817142529E+00
 -0.1396278884E+00 -0.8542645043E+01 -0.3145346511E+00
  0.1817142529E+00 -0.3145346511E+00 -0.8390069854E+01
 Eigenvalues of Hessian: -0.8791040203E+01 -0.8784269294E+01 -0.8060987789E+01
 Eigenvectors (columns) of Hessian:
  0.3673481643E+00 -0.8673150229E+00  0.3358868518E+00
 -0.6436592879E+00 -0.4977525988E+00 -0.5813304323E+00
 -0.6713851706E+00  0.2646024636E-02  0.7411038734E+00
 Determinant of Hessian: -0.6224925679E+03
 Ellipticity of electron density:    0.000771
 eta index:   -1.090566
 Stiffness:   -1.089726
 
 Stress tensor:
 -0.2181012923E+01 -0.3543678794E-01  0.4564405458E-01
 -0.3543678794E-01 -0.2139590988E+01 -0.7895628992E-01
  0.4564405458E-01 -0.7895628992E-01 -0.2101424423E+01
 Eigenvalues of stress tensor: -0.2202031653E+01 -0.2201290891E+01 -0.2018705789E+01
 Eigenvectors (columns) of stress tensor:
  0.5938217811E+00 -0.7313581200E+00  0.3353967689E+00
 -0.4797548197E+00 -0.6564887161E+00 -0.5821150047E+00
 -0.6459187297E+00 -0.1847643525E+00  0.7407098816E+00
 Stress tensor stiffness:    1.090814
 Stress tensor polarizability:    0.916747
 
 ----------------   CP     7,     Type (3,-3)   ----------------
 Corresponding nucleus:    67(H )
 Position (Bohr):       -5.702003400831  -12.043879515162   -5.313284187273
 Position (Angstrom):   -3.017370256211   -6.373346570285   -2.811668906956
 Density of all electrons:  0.4286927516E+00
 Density of Alpha electrons:  0.2143463758E+00
 Density of Beta electrons:  0.2143463758E+00
 Spin density of electrons:  0.0000000000E+00
 Lagrangian kinetic energy G(r):  0.7564107347E-02
 G(r) in X,Y,Z:  0.3182333189E-02  0.2243094546E-02  0.2138679612E-02
 Hamiltonian kinetic energy K(r):  0.6374317021E+01
 Potential energy density V(r): -0.6381881128E+01
 Energy density E(r) or H(r): -0.6374317021E+01
 Laplacian of electron density: -0.2546701165E+02
 Electron localization function (ELF):  0.9998828737E+00
 Localized orbital locator (LOL):  0.9893067472E+00
 Local information entropy:  0.5815582463E-02
 Interaction region indicator (IRI):  0.7981997519E-14
 Reduced density gradient (RDG):  0.1000000000E+03
 Reduced density gradient with promolecular approximation:  0.1000000000E+03
 Sign(lambda2)*rho: -0.4286927516E+00
 Sign(lambda2)*rho with promolecular approximation: -0.2975908440E+00
 Corr. hole for alpha, ref.:   0.00000   0.00000   0.00000 : -0.2342010418E-08
 Source function, ref.:   0.00000   0.00000   0.00000 :  0.1412689232E+00
 Wavefunction value for orbital       1 : -0.4461247749E-06
 Average local ionization energy (ALIE):  0.6280198677E+00
 van der Waals potential (probe atom: C ):  0.1228097554E+28 kcal/mol
 Delta-g (under promolecular approximation):  0.1036890300E+00
 Delta-g (under Hirshfeld partition):  0.1924487230E+00
 User-defined real space function:  0.1000000000E+01
 ESP from nuclear charges:  0.7437317497E+02
 
 Note: Below information is for electron density
 
 Components of gradient in x/y/z are:
 -0.1777224201E-14 -0.2033963276E-14 -0.1608956024E-14
 Norm of gradient is:  0.3143926201E-14
 
 Components of Laplacian in x/y/z are:
 -0.8709789652E+01 -0.8415505034E+01 -0.8341716968E+01
 Total: -0.2546701165E+02
 
 Hessian matrix:
 -0.8709789652E+01 -0.5110739092E-01  0.5726550923E-01
 -0.5110739092E-01 -0.8415505034E+01 -0.3382321534E+00
  0.5726550923E-01 -0.3382321534E+00 -0.8341716968E+01
 Eigenvalues of Hessian: -0.8718922843E+01 -0.8718378813E+01 -0.8029709998E+01
 Eigenvectors (columns) of Hessian:
  0.3651370267E+00 -0.9241739597E+00  0.1121492043E+00
 -0.6648822188E+00 -0.3432002747E+00 -0.6634344026E+00
 -0.6516184365E+00 -0.1676784534E+00  0.7397819608E+00
 Determinant of Hessian: -0.6103773792E+03
 Ellipticity of electron density:    0.000062
 eta index:   -1.085833
 Stiffness:   -1.085765
 
 Stress tensor:
 -0.2183812079E+01 -0.1323744188E-01  0.1468773828E-01
 -0.1323744188E-01 -0.2108362448E+01 -0.8617425657E-01
  0.1468773828E-01 -0.8617425657E-01 -0.2089706601E+01
 Eigenvalues of stress tensor: -0.2186067222E+01 -0.2185707708E+01 -0.2010106199E+01
 Eigenvectors (columns) of stress tensor:
 -0.9874110919E+00 -0.1105810649E+00  0.1130980266E+00
 -0.1579016063E+00  0.7311340950E+00 -0.6637092871E+00
  0.9296143580E-02  0.6732122720E+00  0.7393908429E+00
 Stress tensor stiffness:    1.087538
 Stress tensor polarizability:    0.919508
 
 ----------------   CP     8,     Type (3,-3)   ----------------
 Corresponding nucleus:     4(N )
 Position (Bohr):       -4.252851063496  -10.389585390546   -0.698862453231
 Position (Angstrom):   -2.250511864167   -5.497931819408   -0.369822083805
 Density of all electrons:  0.1980383854E+03
 Density of Alpha electrons:  0.9901919272E+02
 Density of Beta electrons:  0.9901919272E+02
 Spin density of electrons:  0.0000000000E+00
 Lagrangian kinetic energy G(r):  0.2897014625E+02
 G(r) in X,Y,Z:  0.9527410609E+01  0.1030727018E+02  0.9135465466E+01
 Hamiltonian kinetic energy K(r):  0.5527931785E+06
 Potential energy density V(r): -0.5528221487E+06
 Energy density E(r) or H(r): -0.5527931785E+06
 Laplacian of electron density: -0.2211056834E+07
 Electron localization function (ELF):  0.9999977513E+00
 Localized orbital locator (LOL):  0.9985026763E+00
 Local information entropy:  0.3677432250E+00
 Interaction region indicator (IRI):  0.9272575967E-12
 Reduced density gradient (RDG):  0.1000000000E+03
 Reduced density gradient with promolecular approximation:  0.1000000000E+03
 Sign(lambda2)*rho: -0.1980383854E+03
 Sign(lambda2)*rho with promolecular approximation: -0.1931714987E+03
 Corr. hole for alpha, ref.:   0.00000   0.00000   0.00000 : -0.6253756476E-07
 Source function, ref.:   0.00000   0.00000   0.00000 :  0.1564273875E+05
 Wavefunction value for orbital       1 : -0.6455743865E-07
 Average local ionization energy (ALIE):  0.1403052286E+02
 van der Waals potential (probe atom: C ):  0.1974820800E+80 kcal/mol
 Delta-g (under promolecular approximation):  0.4290810019E-01
 Delta-g (under Hirshfeld partition):  0.6557362825E-01
 User-defined real space function:  0.1000000000E+01
 ESP from nuclear charges:  0.4912489826E+07
 
 Note: Below information is for electron density
 
 Components of gradient in x/y/z are:
 -0.1451272436E-09  0.2729856341E-09  0.3903433132E-10
 Norm of gradient is:  0.3116195634E-09
 
 Components of Laplacian in x/y/z are:
 -0.7370196501E+06 -0.7370161719E+06 -0.7370210115E+06
 Total: -0.2211056834E+07
 
 Hessian matrix:
 -0.7370196501E+06 -0.4365630162E+01  0.3209268336E+01
 -0.4365630162E+01 -0.7370161719E+06 -0.5199626571E+01
  0.3209268336E+01 -0.5199626571E+01 -0.7370210115E+06
 Eigenvalues of Hessian: -0.7370243854E+06 -0.7370225818E+06 -0.7370098663E+06
 Eigenvectors (columns) of Hessian:
 -0.1605752065E+00 -0.8602301654E+00 -0.4839624630E+00
  0.4656048007E+00 -0.4983587443E+00  0.7313348970E+00
  0.8703032647E+00  0.1079009941E+00 -0.4805513530E+00
 Determinant of Hessian: -0.4003464240E+18
 Ellipticity of electron density:    0.000002
 eta index:   -1.000020
 Stiffness:   -1.000017
 
 Stress tensor:
 -0.1842739673E+06  0.8910541223E+00 -0.6734104053E+00
  0.8910541223E+00 -0.1842746575E+06  0.1158591995E+01
 -0.6734104053E+00  0.1158591995E+01 -0.1842735238E+06
 Eigenvalues of stress tensor: -0.1842759925E+06 -0.1842733694E+06 -0.1842727867E+06
 Eigenvectors (columns) of stress tensor:
 -0.4819677769E+00  0.8649463384E+00  0.1399103058E+00
  0.7352661471E+00  0.4861071837E+00 -0.4723171592E+00
 -0.4765404022E+00 -0.1247703398E+00 -0.8702537604E+00
 Stress tensor stiffness:    1.000017
 Stress tensor polarizability:    0.999983
 
 ----------------   CP     9,     Type (3,-3)   ----------------
 Corresponding nucleus:    74(H )
 Position (Bohr):      -11.902313943240   -8.830877646095    1.062244195053
 Position (Angstrom):   -6.298433295776   -4.673099202586    0.562115420436
 Density of all electrons:  0.4267305004E+00
 Density of Alpha electrons:  0.2133652502E+00
 Density of Beta electrons:  0.2133652502E+00
 Spin density of electrons:  0.0000000000E+00
 Lagrangian kinetic energy G(r):  0.6248956185E-02
 G(r) in X,Y,Z:  0.1829661996E-02  0.1622797257E-02  0.2796496932E-02
 Hamiltonian kinetic energy K(r):  0.6339368442E+01
 Potential energy density V(r): -0.6345617398E+01
 Energy density E(r) or H(r): -0.6339368442E+01
 Laplacian of electron density: -0.2533247794E+02
 Electron localization function (ELF):  0.9999187820E+00
 Localized orbital locator (LOL):  0.9910821722E+00
 Local information entropy:  0.5792699023E-02
 Interaction region indicator (IRI):  0.2258541152E-13
 Reduced density gradient (RDG):  0.1000000000E+03
 Reduced density gradient with promolecular approximation:  0.1000000000E+03
 Sign(lambda2)*rho: -0.4267305004E+00
 Sign(lambda2)*rho with promolecular approximation: -0.2961358690E+00
 Corr. hole for alpha, ref.:   0.00000   0.00000   0.00000 : -0.3893596693E-09
 Source function, ref.:   0.00000   0.00000   0.00000 :  0.1356719506E+00
 Wavefunction value for orbital       1 :  0.1889935080E-06
 Average local ionization energy (ALIE):  0.6276534705E+00
 van der Waals potential (probe atom: C ):  0.7768099455E+27 kcal/mol
 Delta-g (under promolecular approximation):  0.1014583205E+00
 Delta-g (under Hirshfeld partition):  0.1896896969E+00
 User-defined real space function:  0.1000000000E+01
 ESP from nuclear charges:  0.7485612511E+02
 
 Note: Below information is for electron density
 
 Components of gradient in x/y/z are:
 -0.7250710449E-14  0.5008146675E-14  0.8291978215E-15
 Norm of gradient is:  0.8851096212E-14
 
 Components of Laplacian in x/y/z are:
 -0.8566224465E+01 -0.8100257722E+01 -0.8665995755E+01
 Total: -0.2533247794E+02
 
 Hessian matrix:
 -0.8566224465E+01  0.2705040010E+00 -0.4520735545E-01
  0.2705040010E+00 -0.8100257722E+01 -0.1020875729E+00
 -0.4520735545E-01 -0.1020875729E+00 -0.8665995755E+01
 Eigenvalues of Hessian: -0.8690545033E+01 -0.8683317605E+01 -0.7958615304E+01
 Eigenvectors (columns) of Hessian:
  0.8770631510E+00  0.2480211801E+00 -0.4113948510E+00
 -0.4365791271E+00  0.5428548757E-01 -0.8980265874E+00
 -0.2003968439E+00  0.9672324333E+00  0.1558926711E+00
 Determinant of Hessian: -0.6005790979E+03
 Ellipticity of electron density:    0.000832
 eta index:   -1.091967
 Stiffness:   -1.091059
 
 Stress tensor:
 -0.2145215440E+01  0.6814227754E-01 -0.1165265934E-01
  0.6814227754E-01 -0.2028310025E+01 -0.2608328922E-01
 -0.1165265934E-01 -0.2608328922E-01 -0.2172091933E+01
 Eigenvalues of stress tensor: -0.2176894328E+01 -0.2176280682E+01 -0.1992442388E+01
 Eigenvectors (columns) of stress tensor:
  0.5417716248E+00 -0.7324769040E+00 -0.4122633766E+00
 -0.3800663795E+00  0.2239902973E+00 -0.8974284896E+00
 -0.7496886379E+00 -0.6428887399E+00  0.1570382577E+00
 Stress tensor stiffness:    1.092576
 Stress tensor polarizability:    0.915268
 
 ----------------   CP    10,     Type (3,-3)   ----------------
 Corresponding nucleus:     7(O )
 Position (Bohr):       -7.766850528595   -8.320471913392    4.574509018466
 Position (Angstrom):   -4.110040300223   -4.403004120525    2.420725923642
 Density of all electrons:  0.3018376109E+03
 Density of Alpha electrons:  0.1509188054E+03
 Density of Beta electrons:  0.1509188054E+03
 Spin density of electrons:  0.0000000000E+00
 Lagrangian kinetic energy G(r):  0.7456671243E+02
 G(r) in X,Y,Z:  0.2769154306E+02  0.2387986480E+02  0.2299530456E+02
 Hamiltonian kinetic energy K(r):  0.1127946280E+07
 Potential energy density V(r): -0.1128020846E+07
 Energy density E(r) or H(r): -0.1127946280E+07
 Laplacian of electron density: -0.4511486852E+07
 Electron localization function (ELF):  0.9999963437E+00
 Localized orbital locator (LOL):  0.9980915043E+00
 Local information entropy:  0.3177373816E+00
 Interaction region indicator (IRI):  0.2069243874E-11
 Reduced density gradient (RDG):  0.1000000000E+03
 Reduced density gradient with promolecular approximation:  0.1000000000E+03
 Sign(lambda2)*rho: -0.3018376109E+03
 Sign(lambda2)*rho with promolecular approximation: -0.2923709449E+03
 Corr. hole for alpha, ref.:   0.00000   0.00000   0.00000 : -0.4939262794E-07
 Source function, ref.:   0.00000   0.00000   0.00000 :  0.2926644229E+05
 Wavefunction value for orbital       1 :  0.3886821382E-06
 Average local ionization energy (ALIE):  0.1845099588E+02
 van der Waals potential (probe atom: C ):  0.5026925410E+72 kcal/mol
 Delta-g (under promolecular approximation):  0.5727643818E-01
 Delta-g (under Hirshfeld partition):  0.9379761406E-01
 User-defined real space function:  0.1000000000E+01
 ESP from nuclear charges:  0.1344890387E+07
 
 Note: Below information is for electron density
 
 Components of gradient in x/y/z are:
 -0.4251823338E-09 -0.1018475415E-08  0.6386269291E-10
 Norm of gradient is:  0.1105509218E-08
 
 Components of Laplacian in x/y/z are:
 -0.1503817898E+07 -0.1503833377E+07 -0.1503835577E+07
 Total: -0.4511486852E+07
 
 Hessian matrix:
 -0.1503817898E+07 -0.1130828992E+02  0.5385313496E+01
 -0.1130828992E+02 -0.1503833377E+07 -0.5934657265E+01
  0.5385313496E+01 -0.5934657265E+01 -0.1503835577E+07
 Eigenvalues of Hessian: -0.1503841311E+07 -0.1503835822E+07 -0.1503809719E+07
 Eigenvectors (columns) of Hessian:
  0.2433912449E+00 -0.4915695014E+00 -0.8361340366E+00
  0.7790709166E+00 -0.4144260471E+00  0.4704248701E+00
  0.5777622425E+00  0.7659050051E+00 -0.2820998305E+00
 Determinant of Hessian: -0.3400911446E+19
 Ellipticity of electron density:    0.000004
 eta index:   -1.000021
 Stiffness:   -1.000017
 
 Stress tensor:
 -0.3760098575E+06  0.2803699090E+01 -0.1553536430E+01
  0.2803699090E+01 -0.3760061039E+06  0.1430180794E+01
 -0.1553536430E+01  0.1430180794E+01 -0.3760048849E+06
 Eigenvalues of stress tensor: -0.3760119493E+06 -0.3760049806E+06 -0.3760039165E+06
 Eigenvectors (columns) of stress tensor:
  0.8373405668E+00  0.5388322486E+00 -0.9230700395E-01
 -0.4699596795E+00  0.6232318405E+00 -0.6250759735E+00
  0.2792824284E+00 -0.5667820399E+00 -0.7750867335E+00
 Stress tensor stiffness:    1.000021
 Stress tensor polarizability:    0.999979
 
 ----------------   CP    11,     Type (3,-3)   ----------------
 Corresponding nucleus:   122(H )
 Position (Bohr):       -2.715722170156  -10.201102014678   -1.745784130322
 Position (Angstrom):   -1.437098283590   -5.398190712264   -0.923829176923
 Density of all electrons:  0.4278552426E+00
 Density of Alpha electrons:  0.2139276213E+00
 Density of Beta electrons:  0.2139276213E+00
 Spin density of electrons:  0.0000000000E+00
 Lagrangian kinetic energy G(r):  0.1682768915E-01
 G(r) in X,Y,Z:  0.4494998111E-02  0.7179193674E-02  0.5153497361E-02
 Hamiltonian kinetic energy K(r):  0.6157361723E+01
 Potential energy density V(r): -0.6174189412E+01
 Energy density E(r) or H(r): -0.6157361723E+01
 Laplacian of electron density: -0.2456213613E+02
 Electron localization function (ELF):  0.9994176484E+00
 Localized orbital locator (LOL):  0.9764436332E+00
 Local information entropy:  0.5805817676E-02
 Interaction region indicator (IRI):  0.1006417982E-13
 Reduced density gradient (RDG):  0.1000000000E+03
 Reduced density gradient with promolecular approximation:  0.1000000000E+03
 Sign(lambda2)*rho: -0.4278552426E+00
 Sign(lambda2)*rho with promolecular approximation: -0.3009903630E+00
 Corr. hole for alpha, ref.:   0.00000   0.00000   0.00000 : -0.3215337897E-07
 Source function, ref.:   0.00000   0.00000   0.00000 :  0.1826758906E+00
 Wavefunction value for orbital       1 :  0.8985566215E-06
 Average local ionization energy (ALIE):  0.7828744747E+00
 van der Waals potential (probe atom: C ):  0.3044869911E+26 kcal/mol
 Delta-g (under promolecular approximation):  0.1677627742E+00
 Delta-g (under Hirshfeld partition):  0.3040651221E+00
 User-defined real space function:  0.1000000000E+01
 ESP from nuclear charges:  0.7357755066E+02
 
 Note: Below information is for electron density
 
 Components of gradient in x/y/z are:
 -0.1291935309E-14  0.3729655473E-14 -0.2584737979E-15
 Norm of gradient is:  0.3955532265E-14
 
 Components of Laplacian in x/y/z are:
 -0.7797214884E+01 -0.8558915356E+01 -0.8206005893E+01
 Total: -0.2456213613E+02
 
 Hessian matrix:
 -0.7797214884E+01  0.8818627112E-01 -0.5328934729E+00
  0.8818627112E-01 -0.8558915356E+01 -0.7471501138E-01
 -0.5328934729E+00 -0.7471501138E-01 -0.8206005893E+01
 Eigenvalues of Hessian: -0.8583027155E+01 -0.8559851314E+01 -0.7419257665E+01
 Eigenvectors (columns) of Hessian:
 -0.3606607225E+00 -0.4457013283E+00 -0.8193132302E+00
 -0.6751006418E+00  0.7308610557E+00 -0.1004053824E+00
 -0.6435549446E+00 -0.5169066098E+00  0.5644861292E+00
 Determinant of Hessian: -0.5450886782E+03
 Ellipticity of electron density:    0.002708
 eta index:   -1.156858
 Stiffness:   -1.153734
 
 Stress tensor:
 -0.1958293717E+01  0.2599434850E-01 -0.1372762594E+00
  0.2599434850E-01 -0.2154087226E+01 -0.1471815773E-01
 -0.1372762594E+00 -0.1471815773E-01 -0.2061808468E+01
 Eigenvalues of stress tensor: -0.2159604762E+01 -0.2154256166E+01 -0.1860328483E+01
 Eigenvectors (columns) of stress tensor:
  0.4491850609E+00 -0.3575727784E+00  0.8187640009E+00
 -0.7255730856E+00 -0.6807268294E+00  0.1007704379E+00
  0.5213218569E+00 -0.6393376979E+00 -0.5652175065E+00
 Stress tensor stiffness:    1.160873
 Stress tensor polarizability:    0.861421
 
 ----------------   CP    12,     Type (3,-3)   ----------------
 Corresponding nucleus:     5(C )
 Position (Bohr):       -4.316117943287   -9.069699573624    1.695426886646
 Position (Angstrom):   -2.283991255157   -4.799478324098    0.897181271166
 Density of all electrons:  0.1219813958E+03
 Density of Alpha electrons:  0.6099069790E+02
 Density of Beta electrons:  0.6099069790E+02
 Spin density of electrons:  0.0000000000E+00
 Lagrangian kinetic energy G(r):  0.8546163698E+01
 G(r) in X,Y,Z:  0.3008463686E+01  0.2812002617E+01  0.2725697395E+01
 Hamiltonian kinetic energy K(r):  0.2418906281E+06
 Potential energy density V(r): -0.2418991743E+06
 Energy density E(r) or H(r): -0.2418906281E+06
 Laplacian of electron density: -0.9675283278E+06
 Electron localization function (ELF):  0.9999990158E+00
 Localized orbital locator (LOL):  0.9990089034E+00
 Local information entropy:  0.3393185224E+00
 Interaction region indicator (IRI):  0.1318764496E-11
 Reduced density gradient (RDG):  0.1000000000E+03
 Reduced density gradient with promolecular approximation:  0.1000000000E+03
 Sign(lambda2)*rho: -0.1219813958E+03
 Sign(lambda2)*rho with promolecular approximation: -0.1213917424E+03
 Corr. hole for alpha, ref.:   0.00000   0.00000   0.00000 : -0.8348305825E-06
 Source function, ref.:   0.00000   0.00000   0.00000 :  0.7558454287E+04
 Wavefunction value for orbital       1 :  0.2353082987E-05
 Average local ionization energy (ALIE):  0.1012247068E+02
 van der Waals potential (probe atom: C ):  0.1247135885E+77 kcal/mol
 Delta-g (under promolecular approximation):  0.4182637960E-01
 Delta-g (under Hirshfeld partition):  0.5205929335E-01
 User-defined real space function:  0.1000000000E+01
 ESP from nuclear charges:  0.2183144159E+07
 
 Note: Below information is for electron density
 
 Components of gradient in x/y/z are:
  0.7733130802E-10  0.2481464478E-09 -0.8921752226E-11
 Norm of gradient is:  0.2600699683E-09
 
 Components of Laplacian in x/y/z are:
 -0.3225088111E+06 -0.3225096017E+06 -0.3225099150E+06
 Total: -0.9675283278E+06
 
 Hessian matrix:
 -0.3225088111E+06 -0.1640966034E+00  0.1461425417E+00
 -0.1640966034E+00 -0.3225096017E+06 -0.1088085328E+01
  0.1461425417E+00 -0.1088085328E+01 -0.3225099150E+06
 Eigenvalues of Hessian: -0.3225108577E+06 -0.3225089676E+06 -0.3225085026E+06
 Eigenvectors (columns) of Hessian:
 -0.1485179283E-02 -0.8145726561E+00  0.5800596368E+00
  0.6546786875E+00 -0.4392634463E+00 -0.6151775685E+00
  0.7559058211E+00  0.3788390327E+00  0.5339357424E+00
 Determinant of Hessian: -0.3354496198E+17
 Ellipticity of electron density:    0.000006
 eta index:   -1.000007
 Stiffness:   -1.000001
 
 Stress tensor:
 -0.8063321971E+05  0.5439549889E-01 -0.4442587730E-01
  0.5439549889E-01 -0.8063302443E+05  0.2833846527E+00
 -0.4442587730E-01  0.2833846527E+00 -0.8063293014E+05
 Eigenvalues of stress tensor: -0.8063331586E+05 -0.8063316843E+05 -0.8063269001E+05
 Eigenvectors (columns) of stress tensor:
 -0.5898173669E+00  0.8075329781E+00  0.2441932120E-02
  0.6168631952E+00  0.4485976448E+00  0.6467147374E+00
 -0.5211480328E+00 -0.3829499216E+00  0.7627280547E+00
 Stress tensor stiffness:    1.000008
 Stress tensor polarizability:    0.999992
 
 ----------------   CP    13,     Type (3,-3)   ----------------
 Corresponding nucleus:     6(C )
 Position (Bohr):       -7.007892739832   -8.318829318444    2.385907801223
 Position (Angstrom):   -3.708417134372   -4.402134896712    1.262568035723
 Density of all electrons:  0.1221798322E+03
 Density of Alpha electrons:  0.6108991612E+02
 Density of Beta electrons:  0.6108991612E+02
 Spin density of electrons:  0.0000000000E+00
