 ----------------   CP     1,     Type (3,-3)   ----------------
 Corresponding nucleus:   137(H )
 Position (Bohr):        8.043361486057  -14.340033199450    1.544887650837
 Position (Angstrom):    4.256363597476   -7.588418772741    0.817519338228
 Density of all electrons:  0.4445819080E+00
 Density of Alpha electrons:  0.2222909540E+00
 Density of Beta electrons:  0.2222909540E+00
 Spin density of electrons:  0.0000000000E+00
 Lagrangian kinetic energy G(r):  0.8206340575E-02
 G(r) in X,Y,Z:  0.3195293239E-02  0.1916600503E-02  0.3094446833E-02
 Hamiltonian kinetic energy K(r):  0.6595402319E+01
 Potential energy density V(r): -0.6603608659E+01
 Energy density E(r) or H(r): -0.6595402319E+01
 Laplacian of electron density: -0.2634878391E+02
 Electron localization function (ELF):  0.9998779154E+00
 Localized orbital locator (LOL):  0.9890840591E+00
 Local information entropy:  0.5598556090E-02
 Interaction region indicator (IRI):  0.1675272280E-13
 Reduced density gradient (RDG):  0.1000000000E+03
 Reduced density gradient with promolecular approximation:  0.1000000000E+03
 Sign(lambda2)*rho: -0.4445819080E+00
 Sign(lambda2)*rho with promolecular approximation: -0.2994236454E+00
 Corr. hole for alpha, ref.:   0.00000   0.00000   0.00000 : -0.9992032103E-07
 Source function, ref.:   0.00000   0.00000   0.00000 :  0.1269676549E+00
 Wavefunction value for orbital       1 : -0.6828306348E-06
 Average local ionization energy (ALIE):  0.4862153262E+00
 van der Waals potential (probe atom: C ):  0.9612321892E+27 kcal/mol
 Delta-g (under promolecular approximation):  0.1119684194E+00
 Delta-g (under Hirshfeld partition):  0.2143773580E+00
 User-defined real space function:  0.1000000000E+01
 ESP from nuclear charges:  0.7329310995E+02
 
 Note: Below information is for electron density
 
 Components of gradient in x/y/z are:
  0.5403229947E-14 -0.4211474919E-14 -0.4883246585E-15
 Norm of gradient is:  0.6868032893E-14
 
 Components of Laplacian in x/y/z are:
 -0.9032600801E+01 -0.8462069838E+01 -0.8854113274E+01
 Total: -0.2634878391E+02
 
 Hessian matrix:
 -0.9032600801E+01 -0.1643321579E-02  0.1773597767E-02
 -0.1643321579E-02 -0.8462069838E+01 -0.3152295145E+00
  0.1773597767E-02 -0.3152295145E+00 -0.8854113274E+01
 Eigenvalues of Hessian: -0.9032770726E+01 -0.9029135071E+01 -0.8286878116E+01
 Eigenvectors (columns) of Hessian:
 -0.9773434419E+00  0.2116371915E+00 -0.3081510571E-02
  0.1001742912E+00  0.4753332155E+00  0.8740843470E+00
  0.1864535006E+00  0.8539719161E+00 -0.4857644065E+00
 Determinant of Hessian: -0.6758620917E+03
 Ellipticity of electron density:    0.000403
 eta index:   -1.090009
 Stiffness:   -1.089570
 
 Stress tensor:
 -0.2264540787E+01 -0.6680207302E-03  0.3946657366E-03
 -0.6680207302E-03 -0.2119350661E+01 -0.8044341586E-01
  0.3946657366E-03 -0.8044341586E-01 -0.2219717212E+01
 Eigenvalues of stress tensor: -0.2264546176E+01 -0.2264344713E+01 -0.2074717771E+01
 Eigenvectors (columns) of stress tensor:
 -0.9944673074E+00  0.1049670408E+00 -0.4085928491E-02
  0.4737055972E-01  0.4828309609E+00  0.8744314114E+00
  0.9375929046E-01  0.8693998985E+00 -0.4851319531E+00
 Stress tensor stiffness:    1.091496
 Stress tensor polarizability:    0.916174
 
 ----------------   CP     2,     Type (3,-3)   ----------------
 Corresponding nucleus:     1(C )
 Position (Bohr):        8.059924138415  -12.604696850929    0.563672918744
 Position (Angstrom):    4.265128175656   -6.670118323853    0.298282863002
 Density of all electrons:  0.1219471605E+03
 Density of Alpha electrons:  0.6097358027E+02
 Density of Beta electrons:  0.6097358027E+02
 Spin density of electrons:  0.0000000000E+00
 Lagrangian kinetic energy G(r):  0.8817369843E+01
 G(r) in X,Y,Z:  0.2828447185E+01  0.2980944186E+01  0.3007978472E+01
 Hamiltonian kinetic energy K(r):  0.2418056190E+06
 Potential energy density V(r): -0.2418144363E+06
 Energy density E(r) or H(r): -0.2418056190E+06
 Laplacian of electron density: -0.9671872064E+06
 Electron localization function (ELF):  0.9999989513E+00
 Localized orbital locator (LOL):  0.9989770059E+00
 Local information entropy:  0.3303165515E+00
 Interaction region indicator (IRI):  0.1224346261E-11
 Reduced density gradient (RDG):  0.1000000000E+03
 Reduced density gradient with promolecular approximation:  0.1000000000E+03
 Sign(lambda2)*rho: -0.1219471605E+03
 Sign(lambda2)*rho with promolecular approximation: -0.1213950436E+03
 Corr. hole for alpha, ref.:   0.00000   0.00000   0.00000 : -0.2220005324E-13
 Source function, ref.:   0.00000   0.00000   0.00000 :  0.5140709774E+04
 Wavefunction value for orbital       1 : -0.2839707960E-05
 Average local ionization energy (ALIE):  0.9894482161E+01
 van der Waals potential (probe atom: C ):  0.9734788371E+82 kcal/mol
 Delta-g (under promolecular approximation):  0.3949346384E-01
 Delta-g (under Hirshfeld partition):  0.5277256394E-01
 User-defined real space function:  0.1000000000E+01
 ESP from nuclear charges:  0.6762535281E+07
 
 Note: Below information is for electron density
 
 Components of gradient in x/y/z are:
 -0.9708311932E-10 -0.2206561045E-09  0.1216001258E-10
 Norm of gradient is:  0.2413754636E-09
 
 Components of Laplacian in x/y/z are:
 -0.3223961558E+06 -0.3223955975E+06 -0.3223954530E+06
 Total: -0.9671872064E+06
 
 Hessian matrix:
 -0.3223961558E+06  0.2652908070E+00  0.3502337994E-01
  0.2652908070E+00 -0.3223955975E+06 -0.1248324766E+00
  0.3502337994E-01 -0.1248324766E+00 -0.3223954530E+06
 Eigenvalues of Hessian: -0.3223962695E+06 -0.3223955734E+06 -0.3223953634E+06
 Eigenvectors (columns) of Hessian:
 -0.9193541398E+00 -0.3555909848E+00  0.1683538451E+00
  0.3811060282E+00 -0.6986330716E+00  0.6055328451E+00
  0.9770445677E-01 -0.6208597932E+00 -0.7778090745E+00
 Determinant of Hessian: -0.3350949365E+17
 Ellipticity of electron density:    0.000002
 eta index:   -1.000003
 Stiffness:   -1.000001
 
 Stress tensor:
 -0.8060469585E+05 -0.6364543878E-01 -0.1542594347E-01
 -0.6364543878E-01 -0.8060486127E+05  0.3660927446E-01
 -0.1542594347E-01  0.3660927446E-01 -0.8060487921E+05
 Eigenvalues of stress tensor: -0.8060491223E+05 -0.8060485332E+05 -0.8060467078E+05
 Eigenvectors (columns) of stress tensor:
 -0.1550309193E+00  0.3248279820E+00  0.9329802764E+00
 -0.6968020649E+00  0.6335105590E+00 -0.3363498983E+00
  0.7003087151E+00  0.7022472170E+00 -0.1281270842E+00
 Stress tensor stiffness:    1.000003
 Stress tensor polarizability:    0.999997
 
 ----------------   CP     3,     Type (3,-3)   ----------------
 Corresponding nucleus:    10(H )
 Position (Bohr):        8.584946431419  -13.013694913891   -1.358378752652
 Position (Angstrom):    4.542958008330   -6.886550778075   -0.718823079678
 Density of all electrons:  0.4364039539E+00
 Density of Alpha electrons:  0.2182019769E+00
 Density of Beta electrons:  0.2182019769E+00
 Spin density of electrons:  0.0000000000E+00
 Lagrangian kinetic energy G(r):  0.7552622817E-02
 G(r) in X,Y,Z:  0.2897723078E-02  0.3043941238E-02  0.1610958500E-02
 Hamiltonian kinetic energy K(r):  0.6494013832E+01
 Potential energy density V(r): -0.6501566455E+01
 Energy density E(r) or H(r): -0.6494013832E+01
 Laplacian of electron density: -0.2594584484E+02
 Electron localization function (ELF):  0.9998899650E+00
 Localized orbital locator (LOL):  0.9896321538E+00
 Local information entropy:  0.5509836854E-02
 Interaction region indicator (IRI):  0.1285745342E-13
 Reduced density gradient (RDG):  0.1000000000E+03
 Reduced density gradient with promolecular approximation:  0.1000000000E+03
 Sign(lambda2)*rho: -0.4364039539E+00
 Sign(lambda2)*rho with promolecular approximation: -0.2981606314E+00
 Corr. hole for alpha, ref.:   0.00000   0.00000   0.00000 : -0.1036244844E-07
 Source function, ref.:   0.00000   0.00000   0.00000 :  0.1319353333E+00
 Wavefunction value for orbital       1 : -0.1089413297E-05
 Average local ionization energy (ALIE):  0.4799107358E+00
 van der Waals potential (probe atom: C ):  0.1600449304E+28 kcal/mol
 Delta-g (under promolecular approximation):  0.1039723102E+00
 Delta-g (under Hirshfeld partition):  0.1950872537E+00
 User-defined real space function:  0.1000000000E+01
 ESP from nuclear charges:  0.7675300016E+02
 
 Note: Below information is for electron density
 
 Components of gradient in x/y/z are:
 -0.4990799440E-14  0.1218426401E-14 -0.5290906602E-15
 Norm of gradient is:  0.5164550210E-14
 
 Components of Laplacian in x/y/z are:
 -0.8829970652E+01 -0.8847420925E+01 -0.8268453260E+01
 Total: -0.2594584484E+02
 
 Hessian matrix:
 -0.8829970652E+01 -0.3578843686E-01 -0.1698666748E+00
 -0.3578843686E-01 -0.8847420925E+01  0.1325147350E+00
 -0.1698666748E+00  0.1325147350E+00 -0.8268453260E+01
 Eigenvalues of Hessian: -0.8878027241E+01 -0.8875510118E+01 -0.8192307478E+01
 Eigenvectors (columns) of Hessian:
  0.7970953292E+00 -0.5437299946E+00 -0.2626722847E+00
 -0.5045267452E+00 -0.8386900114E+00  0.2050654240E+00
  0.3318008434E+00  0.3093149879E-01  0.9428422152E+00
 Determinant of Hessian: -0.6455294211E+03
 Ellipticity of electron density:    0.000284
 eta index:   -1.083703
 Stiffness:   -1.083396
 
 Stress tensor:
 -0.2213288109E+01 -0.9290491899E-02 -0.4307138382E-01
 -0.9290491899E-02 -0.2217943114E+01  0.3375508774E-01
 -0.4307138382E-01  0.3375508774E-01 -0.2070335232E+01
 Eigenvalues of stress tensor: -0.2225363412E+01 -0.2225184992E+01 -0.2051018050E+01
 Eigenvectors (columns) of stress tensor:
  0.5932923020E+00 -0.7611414444E+00 -0.2620456946E+00
 -0.7363882389E+00 -0.6446679409E+00  0.2052695974E+00
  0.3251716562E+00 -0.7118249557E-01  0.9429721345E+00
 Stress tensor stiffness:    1.085004
 Stress tensor polarizability:    0.921655
 
 ----------------   CP     4,     Type (3,-3)   ----------------
 Corresponding nucleus:     9(H )
 Position (Bohr):        9.504825130125  -11.430690362795    1.383567572427
 Position (Angstrom):    5.029736852481   -6.048860844880    0.732152429073
 Density of all electrons:  0.4354365268E+00
 Density of Alpha electrons:  0.2177182634E+00
 Density of Beta electrons:  0.2177182634E+00
 Spin density of electrons:  0.0000000000E+00
 Lagrangian kinetic energy G(r):  0.7665096672E-02
 G(r) in X,Y,Z:  0.2311122728E-02  0.2459536074E-02  0.2894437869E-02
 Hamiltonian kinetic energy K(r):  0.6481999247E+01
 Potential energy density V(r): -0.6489664344E+01
 Energy density E(r) or H(r): -0.6481999247E+01
 Laplacian of electron density: -0.2589733660E+02
 Electron localization function (ELF):  0.9998858266E+00
 Localized orbital locator (LOL):  0.9894408060E+00
 Local information entropy:  0.5499323890E-02
 Interaction region indicator (IRI):  0.9253008035E-14
 Reduced density gradient (RDG):  0.1000000000E+03
 Reduced density gradient with promolecular approximation:  0.1000000000E+03
 Sign(lambda2)*rho: -0.4354365268E+00
 Sign(lambda2)*rho with promolecular approximation: -0.2980294669E+00
 Corr. hole for alpha, ref.:   0.00000   0.00000   0.00000 : -0.3892011810E-07
 Source function, ref.:   0.00000   0.00000   0.00000 :  0.1380301600E+00
 Wavefunction value for orbital       1 : -0.2384685769E-06
 Average local ionization energy (ALIE):  0.4801776655E+00
 van der Waals potential (probe atom: C ):  0.1664153716E+28 kcal/mol
 Delta-g (under promolecular approximation):  0.1037165570E+00
 Delta-g (under Hirshfeld partition):  0.1940676761E+00
 User-defined real space function:  0.1000000000E+01
 ESP from nuclear charges:  0.7879891094E+02
 
 Note: Below information is for electron density
 
 Components of gradient in x/y/z are:
  0.3110792873E-14  0.1707835262E-14 -0.1073793832E-14
 Norm of gradient is:  0.3707663250E-14
 
 Components of Laplacian in x/y/z are:
 -0.8513175002E+01 -0.8635087719E+01 -0.8749073880E+01
 Total: -0.2589733660E+02
 
 Hessian matrix:
 -0.8513175002E+01  0.2799744076E+00  0.1941580944E+00
  0.2799744076E+00 -0.8635087719E+01  0.1561511448E+00
  0.1941580944E+00  0.1561511448E+00 -0.8749073880E+01
 Eigenvalues of Hessian: -0.8860679514E+01 -0.8857909842E+01 -0.8178747245E+01
 Eigenvectors (columns) of Hessian:
  0.6484290241E+00 -0.2650227407E+00 -0.7136545016E+00
 -0.7583142906E+00 -0.3074585525E+00 -0.5748292574E+00
 -0.6707635482E-01  0.9139103815E+00 -0.4003355807E+00
 Determinant of Hessian: -0.6419261552E+03
 Ellipticity of electron density:    0.000313
 eta index:   -1.083379
 Stiffness:   -1.083040
 
 Stress tensor:
 -0.2132915996E+01  0.7119217647E-01  0.4945305432E-01
  0.7119217647E-01 -0.2163691002E+01  0.3996211396E-01
  0.4945305432E-01  0.3996211396E-01 -0.2193057346E+01
 Eigenvalues of stress tensor: -0.2221145228E+01 -0.2220855971E+01 -0.2047663145E+01
 Eigenvectors (columns) of stress tensor:
 -0.5785570279E+00 -0.3961756099E+00  0.7129632891E+00
  0.8056082721E+00 -0.1408755600E+00  0.5754558094E+00
 -0.1275424536E+00  0.9073031261E+00  0.4006668938E+00
 Stress tensor stiffness:    1.084722
 Stress tensor polarizability:    0.921895
 
 ----------------   CP     5,     Type (3,-3)   ----------------
 Corresponding nucleus:     2(C )
 Position (Bohr):        5.595449335461  -11.147725662284    0.534392726188
 Position (Angstrom):    2.960984273089   -5.899122373879    0.282788452371
 Density of all electrons:  0.1220701533E+03
 Density of Alpha electrons:  0.6103507665E+02
 Density of Beta electrons:  0.6103507665E+02
 Spin density of electrons:  0.0000000000E+00
 Lagrangian kinetic energy G(r):  0.8688661271E+01
 G(r) in X,Y,Z:  0.2840474676E+01  0.2688925297E+01  0.3159261298E+01
 Hamiltonian kinetic energy K(r):  0.2420786908E+06
 Potential energy density V(r): -0.2420873795E+06
 Energy density E(r) or H(r): -0.2420786908E+06
 Laplacian of electron density: -0.9682800086E+06
 Electron localization function (ELF):  0.9999989851E+00
 Localized orbital locator (LOL):  0.9989936142E+00
 Local information entropy:  0.3304330545E+00
 Interaction region indicator (IRI):  0.1198239478E-11
 Reduced density gradient (RDG):  0.1000000000E+03
 Reduced density gradient with promolecular approximation:  0.1000000000E+03
 Sign(lambda2)*rho: -0.1220701533E+03
 Sign(lambda2)*rho with promolecular approximation: -0.1213974325E+03
 Corr. hole for alpha, ref.:   0.00000   0.00000   0.00000 : -0.9780402034E-07
 Source function, ref.:   0.00000   0.00000   0.00000 :  0.6171842380E+04
 Wavefunction value for orbital       1 :  0.4368079847E-05
 Average local ionization energy (ALIE):  0.9897758691E+01
 van der Waals potential (probe atom: C ):  0.4920041176E+82 kcal/mol
 Delta-g (under promolecular approximation):  0.3383541075E-01
 Delta-g (under Hirshfeld partition):  0.4735889168E-01
 User-defined real space function:  0.1000000000E+01
 ESP from nuclear charges:  0.6388717423E+07
 
 Note: Below information is for electron density
 
 Components of gradient in x/y/z are:
  0.9184486505E-10 -0.2179262049E-09 -0.7349745812E-12
 Norm of gradient is:  0.2364906979E-09
 
 Components of Laplacian in x/y/z are:
 -0.3227602223E+06 -0.3227606582E+06 -0.3227591280E+06
 Total: -0.9682800086E+06
 
 Hessian matrix:
 -0.3227602223E+06 -0.6645002560E+00  0.3413413456E+00
 -0.6645002560E+00 -0.3227606582E+06  0.5979964572E+00
  0.3413413456E+00  0.5979964572E+00 -0.3227591280E+06
 Eigenvalues of Hessian: -0.3227613508E+06 -0.3227597468E+06 -0.3227589111E+06
 Eigenvectors (columns) of Hessian:
 -0.5495173557E+00 -0.8291724267E+00  0.1024878655E+00
 -0.7817756904E+00  0.5535812631E+00  0.2870096775E+00
  0.2947158728E+00 -0.7759427718E-01  0.9524293583E+00
 Determinant of Hessian: -0.3362320682E+17
 Ellipticity of electron density:    0.000005
 eta index:   -1.000008
 Stiffness:   -1.000003
 
 Stress tensor:
 -0.8069573653E+05  0.2641738396E+00 -0.1291550806E+00
  0.2641738396E+00 -0.8069554241E+05 -0.2208561945E+00
 -0.1291550806E+00 -0.2208561945E+00 -0.8069610053E+05
 Eigenvalues of stress tensor: -0.8069618116E+05 -0.8069591950E+05 -0.8069527882E+05
 Eigenvectors (columns) of stress tensor:
  0.1073970269E+00  0.8355692053E+00  0.5387856548E+00
  0.2849277410E+00 -0.5450561251E+00  0.7884985751E+00
  0.9525135490E+00  0.6883257682E-01 -0.2966142535E+00
 Stress tensor stiffness:    1.000011
 Stress tensor polarizability:    0.999989
 
 ----------------   CP     6,     Type (3,-3)   ----------------
 Corresponding nucleus:    12(H )
 Position (Bohr):        4.716986286411  -12.055581831201   -3.286544091798
 Position (Angstrom):    2.496121646911   -6.379539169248   -1.739164236007
 Density of all electrons:  0.4383766240E+00
 Density of Alpha electrons:  0.2191883120E+00
 Density of Beta electrons:  0.2191883120E+00
 Spin density of electrons:  0.0000000000E+00
 Lagrangian kinetic energy G(r):  0.7338005115E-02
 G(r) in X,Y,Z:  0.2720577987E-02  0.2749904255E-02  0.1867522873E-02
 Hamiltonian kinetic energy K(r):  0.6491991556E+01
 Potential energy density V(r): -0.6499329561E+01
 Energy density E(r) or H(r): -0.6491991556E+01
 Laplacian of electron density: -0.2593861420E+02
 Electron localization function (ELF):  0.9998976709E+00
 Localized orbital locator (LOL):  0.9899985037E+00
 Local information entropy:  0.5531262036E-02
 Interaction region indicator (IRI):  0.8416481955E-14
 Reduced density gradient (RDG):  0.1000000000E+03
 Reduced density gradient with promolecular approximation:  0.1000000000E+03
 Sign(lambda2)*rho: -0.4383766240E+00
 Sign(lambda2)*rho with promolecular approximation: -0.2980639079E+00
 Corr. hole for alpha, ref.:   0.00000   0.00000   0.00000 : -0.7667030617E-07
 Source function, ref.:   0.00000   0.00000   0.00000 :  0.1545445232E+00
 Wavefunction value for orbital       1 : -0.7919247644E-08
 Average local ionization energy (ALIE):  0.4971379713E+00
 van der Waals potential (probe atom: C ):  0.9423964285E+27 kcal/mol
 Delta-g (under promolecular approximation):  0.1059616251E+00
 Delta-g (under Hirshfeld partition):  0.2018560253E+00
 User-defined real space function:  0.1000000000E+01
 ESP from nuclear charges:  0.7950599706E+02
 
 Note: Below information is for electron density
 
 Components of gradient in x/y/z are:
  0.3053113318E-14 -0.1176576198E-14 -0.9150666336E-15
 Norm of gradient is:  0.3397525485E-14
 
 Components of Laplacian in x/y/z are:
 -0.8836550401E+01 -0.8677506972E+01 -0.8424556832E+01
 Total: -0.2593861420E+02
 
 Hessian matrix:
 -0.8836550401E+01 -0.1039913407E+00 -0.1615203913E+00
 -0.1039913407E+00 -0.8677506972E+01  0.3123995965E+00
 -0.1615203913E+00  0.3123995965E+00 -0.8424556832E+01
 Eigenvalues of Hessian: -0.8893709506E+01 -0.8885387788E+01 -0.8159516911E+01
 Eigenvectors (columns) of Hessian:
  0.7926266397E+00 -0.5452149011E+00 -0.2729170601E+00
 -0.3450706566E+00 -0.7701772377E+00  0.5364263831E+00
  0.5026621649E+00  0.3310101724E+00  0.7986006598E+00
 Determinant of Hessian: -0.6447981362E+03
 Ellipticity of electron density:    0.000937
 eta index:   -1.089980
 Stiffness:   -1.088960
 
 Stress tensor:
 -0.2214578756E+01 -0.2727319765E-01 -0.4051573614E-01
 -0.2727319765E-01 -0.2174876551E+01  0.7967401570E-01
 -0.4051573614E-01  0.7967401570E-01 -0.2109874254E+01
 Eigenvalues of stress tensor: -0.2228466371E+01 -0.2228395265E+01 -0.2042467925E+01
 Eigenvectors (columns) of stress tensor:
 -0.7470704105E+00 -0.6061031451E+00 -0.2729922697E+00
 -0.6411542126E+00  0.5485586540E+00  0.5366606738E+00
  0.1755194502E+00 -0.5759534536E+00  0.7984175235E+00
 Stress tensor stiffness:    1.091066
 Stress tensor polarizability:    0.916535
 
 ----------------   CP     7,     Type (3,-3)   ----------------
 Corresponding nucleus:    11(H )
 Position (Bohr):        5.774361954419   -9.882357368376    4.351925655471
 Position (Angstrom):    3.055660753784   -5.229518309344    2.302939880419
 Density of all electrons:  0.4387609451E+00
 Density of Alpha electrons:  0.2193804725E+00
 Density of Beta electrons:  0.2193804725E+00
 Spin density of electrons:  0.0000000000E+00
 Lagrangian kinetic energy G(r):  0.7174222312E-02
 G(r) in X,Y,Z:  0.2463072319E-02  0.3058267220E-02  0.1652882774E-02
 Hamiltonian kinetic energy K(r):  0.6492736049E+01
 Potential energy density V(r): -0.6499910272E+01
 Energy density E(r) or H(r): -0.6492736049E+01
 Laplacian of electron density: -0.2594224731E+02
 Electron localization function (ELF):  0.9999024666E+00
 Localized orbital locator (LOL):  0.9902336864E+00
 Local information entropy:  0.5535434330E-02
 Interaction region indicator (IRI):  0.1327932542E-13
 Reduced density gradient (RDG):  0.1000000000E+03
 Reduced density gradient with promolecular approximation:  0.1000000000E+03
 Sign(lambda2)*rho: -0.4387609451E+00
 Sign(lambda2)*rho with promolecular approximation: -0.2980254898E+00
 Corr. hole for alpha, ref.:   0.00000   0.00000   0.00000 : -0.1599876295E-07
 Source function, ref.:   0.00000   0.00000   0.00000 :  0.1685908146E+00
 Wavefunction value for orbital       1 : -0.3675949571E-06
 Average local ionization energy (ALIE):  0.4930332023E+00
 van der Waals potential (probe atom: C ):  0.8489569000E+27 kcal/mol
 Delta-g (under promolecular approximation):  0.1065046171E+00
 Delta-g (under Hirshfeld partition):  0.2034686561E+00
 User-defined real space function:  0.1000000000E+01
 ESP from nuclear charges:  0.8095359898E+02
 
 Note: Below information is for electron density
 
 Components of gradient in x/y/z are:
 -0.2264681498E-14  0.3807718030E-14  0.3027092466E-14
 Norm of gradient is:  0.5365704770E-14
 
 Components of Laplacian in x/y/z are:
 -0.8710121969E+01 -0.8890493821E+01 -0.8341631518E+01
 Total: -0.2594224731E+02
 
 Hessian matrix:
 -0.8710121969E+01 -0.1924183380E-01  0.3195110602E+00
 -0.1924183380E-01 -0.8890493821E+01 -0.4053891225E-01
  0.3195110602E+00 -0.4053891225E-01 -0.8341631518E+01
 Eigenvalues of Hessian: -0.8897644788E+01 -0.8890270763E+01 -0.8154331757E+01
 Eigenvectors (columns) of Hessian:
  0.6523560186E+00 -0.5704207295E+00  0.4990509156E+00
 -0.6303425787E+00 -0.7739445119E+00 -0.6064755552E-01
 -0.4208323402E+00  0.2750092432E+00  0.8644478340E+00
 Determinant of Hessian: -0.6450277939E+03
 Ellipticity of electron density:    0.000829
 eta index:   -1.091156
 Stiffness:   -1.090251
 
 Stress tensor:
 -0.2182456637E+01 -0.5731230331E-02  0.8123418271E-01
 -0.5731230331E-02 -0.2228739990E+01 -0.9908830752E-02
  0.8123418271E-01 -0.9908830752E-02 -0.2088713645E+01
 Eigenvalues of stress tensor: -0.2229439124E+01 -0.2229370940E+01 -0.2041100208E+01
 Eigenvectors (columns) of stress tensor:
 -0.1251388330E+00 -0.8574084670E+00  0.4991903377E+00
 -0.9921363907E+00  0.1093508259E+00 -0.6089153533E-01
  0.2377957770E-02  0.5028847956E+00  0.8643501765E+00
 Stress tensor stiffness:    1.092273
 Stress tensor polarizability:    0.915522
 
 ----------------   CP     8,     Type (3,-3)   ----------------
 Corresponding nucleus:     4(C )
 Position (Bohr):        4.161307755317  -10.982481349961   -1.671322909605
 Position (Angstrom):    2.202069231667   -5.811678849566   -0.884425995823
 Density of all electrons:  0.1221169169E+03
 Density of Alpha electrons:  0.6105845845E+02
 Density of Beta electrons:  0.6105845845E+02
 Spin density of electrons:  0.0000000000E+00
 Lagrangian kinetic energy G(r):  0.8753698388E+01
 G(r) in X,Y,Z:  0.2985474348E+01  0.2706871953E+01  0.3061352086E+01
 Hamiltonian kinetic energy K(r):  0.2421645896E+06
 Potential energy density V(r): -0.2421733433E+06
 Energy density E(r) or H(r): -0.2421645896E+06
 Laplacian of electron density: -0.9686233437E+06
 Electron localization function (ELF):  0.9999989712E+00
 Localized orbital locator (LOL):  0.9989867351E+00
 Local information entropy:  0.3304772934E+00
 Interaction region indicator (IRI):  0.1188743942E-11
 Reduced density gradient (RDG):  0.1000000000E+03
 Reduced density gradient with promolecular approximation:  0.1000000000E+03
 Sign(lambda2)*rho: -0.1221169169E+03
 Sign(lambda2)*rho with promolecular approximation: -0.1213979044E+03
 Corr. hole for alpha, ref.:   0.00000   0.00000   0.00000 : -0.4745815067E-06
 Source function, ref.:   0.00000   0.00000   0.00000 :  0.6497703694E+04
 Wavefunction value for orbital       1 :  0.3532653907E-05
 Average local ionization energy (ALIE):  0.9888186775E+01
 van der Waals potential (probe atom: C ):  0.4732438032E+87 kcal/mol
 Delta-g (under promolecular approximation):  0.3911304987E-01
 Delta-g (under Hirshfeld partition):  0.5322723040E-01
 User-defined real space function:  0.1000000000E+01
 ESP from nuclear charges:  0.1662154583E+08
 
 Note: Below information is for electron density
 
 Components of gradient in x/y/z are:
 -0.4064226733E-10 -0.2311678626E-09  0.9906520049E-12
 Norm of gradient is:  0.2347154788E-09
 
 Components of Laplacian in x/y/z are:
 -0.3228742010E+06 -0.3228751570E+06 -0.3228739857E+06
 Total: -0.9686233437E+06
 
 Hessian matrix:
 -0.3228742010E+06 -0.1086155936E+01  0.5669689903E+00
 -0.1086155936E+01 -0.3228751570E+06  0.4671652528E+00
  0.5669689903E+00  0.4671652528E+00 -0.3228739857E+06
 Eigenvalues of Hessian: -0.3228761002E+06 -0.3228738680E+06 -0.3228733755E+06
 Eigenvectors (columns) of Hessian:
  0.5403982268E+00 -0.2459342722E+00 -0.8046652038E+00
  0.7793693513E+00  0.5067171163E+00  0.3685392493E+00
 -0.3171011996E+00  0.8262893547E+00 -0.4655026654E+00
 Determinant of Hessian: -0.3365898610E+17
 Ellipticity of electron density:    0.000007
 eta index:   -1.000008
 Stiffness:   -1.000002
 
 Stress tensor:
 -0.8072452120E+05  0.3952837551E+00 -0.2026943631E+00
  0.3952837551E+00 -0.8072420299E+05 -0.1721471920E+00
 -0.2026943631E+00 -0.1721471920E+00 -0.8072461914E+05
 Eigenvalues of stress tensor: -0.8072482654E+05 -0.8072466670E+05 -0.8072385009E+05
 Eigenvectors (columns) of stress tensor:
  0.7991976260E+00  0.2410137795E+00  0.5506319213E+00
 -0.3774987184E+00 -0.5116153111E+00  0.7718448621E+00
  0.4677369691E+00 -0.8247194260E+00 -0.3178993492E+00
 Stress tensor stiffness:    1.000012
 Stress tensor polarizability:    0.999988
 
 ----------------   CP     9,     Type (3,-3)   ----------------
 Corresponding nucleus:     3(C )
 Position (Bohr):        4.761826887778   -9.764410061869    2.614359568640
 Position (Angstrom):    2.519850271277   -5.167103282653    1.383459504831
 Density of all electrons:  0.1221185078E+03
 Density of Alpha electrons:  0.6105925391E+02
 Density of Beta electrons:  0.6105925391E+02
 Spin density of electrons:  0.0000000000E+00
 Lagrangian kinetic energy G(r):  0.8761415845E+01
 G(r) in X,Y,Z:  0.2955004632E+01  0.2723916954E+01  0.3082494258E+01
 Hamiltonian kinetic energy K(r):  0.2421703718E+06
 Potential energy density V(r): -0.2421791332E+06
 Energy density E(r) or H(r): -0.2421703718E+06
 Laplacian of electron density: -0.9686464415E+06
 Electron localization function (ELF):  0.9999989694E+00
 Localized orbital locator (LOL):  0.9989858647E+00
 Local information entropy:  0.3304787979E+00
 Interaction region indicator (IRI):  0.7399754538E-12
 Reduced density gradient (RDG):  0.1000000000E+03
 Reduced density gradient with promolecular approximation:  0.1000000000E+03
 Sign(lambda2)*rho: -0.1221185078E+03
 Sign(lambda2)*rho with promolecular approximation: -0.1213982437E+03
 Corr. hole for alpha, ref.:   0.00000   0.00000   0.00000 : -0.7207762265E-06
 Source function, ref.:   0.00000   0.00000   0.00000 :  0.6898504183E+04
 Wavefunction value for orbital       1 :  0.3143563545E-05
 Average local ionization energy (ALIE):  0.9885142962E+01
 van der Waals potential (probe atom: C ):  0.1720053130E+91 kcal/mol
 Delta-g (under promolecular approximation):  0.3766527602E-01
 Delta-g (under Hirshfeld partition):  0.5054992469E-01
 User-defined real space function:  0.1000000000E+01
 ESP from nuclear charges:  0.3291361245E+08
 
 Note: Below information is for electron density
 
 Components of gradient in x/y/z are:
  0.8557610176E-10  0.1123326987E-09  0.3749578426E-10
 Norm of gradient is:  0.1461089943E-09
 
 Components of Laplacian in x/y/z are:
 -0.3228820194E+06 -0.3228828023E+06 -0.3228816197E+06
 Total: -0.9686464415E+06
 
 Hessian matrix:
 -0.3228820194E+06 -0.1200199299E+01  0.2639643683E+00
 -0.1200199299E+01 -0.3228828023E+06  0.6487437575E+00
  0.2639643683E+00  0.6487437575E+00 -0.3228816197E+06
 Eigenvalues of Hessian: -0.3228838790E+06 -0.3228814899E+06 -0.3228810726E+06
 Eigenvectors (columns) of Hessian:
  0.5477462739E+00 -0.5012788419E+00  0.6698459092E+00
  0.7849942626E+00  0.3097079229E-01 -0.6187283877E+00
 -0.2894097912E+00 -0.8647313644E+00 -0.4104651509E+00
 Determinant of Hessian: -0.3366139405E+17
 Ellipticity of electron density:    0.000007
 eta index:   -1.000009
 Stiffness:   -1.000001
 
 Stress tensor:
 -0.8072641487E+05  0.4330014878E+00 -0.9997863502E-01
  0.4330014878E+00 -0.8072614841E+05 -0.2249344501E+00
 -0.9997863502E-01 -0.2249344501E+00 -0.8072656992E+05
 Eigenvalues of stress tensor: -0.8072675730E+05 -0.8072661863E+05 -0.8072575728E+05
 Eigenvectors (columns) of stress tensor:
  0.6766753242E+00  0.4814963177E+00 -0.5570204679E+00
 -0.6249968025E+00 -0.2428875447E-01 -0.7802493533E+00
 -0.3892165239E+00  0.8761114955E+00  0.2844980581E+00
 Stress tensor stiffness:    1.000012
 Stress tensor polarizability:    0.999988
 
 ----------------   CP    10,     Type (3,-3)   ----------------
 Corresponding nucleus:   141(H )
 Position (Bohr):      -12.582768304005   -8.663550280533   -2.036645488019
 Position (Angstrom):   -6.658514236552   -4.584553373970   -1.077746378948
 Density of all electrons:  0.4102963731E+00
 Density of Alpha electrons:  0.2051481865E+00
 Density of Beta electrons:  0.2051481865E+00
 Spin density of electrons:  0.0000000000E+00
 Lagrangian kinetic energy G(r):  0.2637577696E-01
 G(r) in X,Y,Z:  0.7508323755E-02  0.8984321713E-02  0.9883131495E-02
 Hamiltonian kinetic energy K(r):  0.5668600997E+01
 Potential energy density V(r): -0.5694976774E+01
 Energy density E(r) or H(r): -0.5668600997E+01
 Laplacian of electron density: -0.2256890088E+02
 Electron localization function (ELF):  0.9983572821E+00
 Localized orbital locator (LOL):  0.9610316888E+00
 Local information entropy:  0.5224775370E-02
 Interaction region indicator (IRI):  0.1314299445E-13
 Reduced density gradient (RDG):  0.1000000000E+03
 Reduced density gradient with promolecular approximation:  0.1000000000E+03
 Sign(lambda2)*rho: -0.4102963731E+00
 Sign(lambda2)*rho with promolecular approximation: -0.2938209734E+00
 Corr. hole for alpha, ref.:   0.00000   0.00000   0.00000 : -0.2982768593E-07
 Source function, ref.:   0.00000   0.00000   0.00000 :  0.1165306899E+00
 Wavefunction value for orbital       1 : -0.6705359968E-06
 Average local ionization energy (ALIE):  0.7204059722E+00
 van der Waals potential (probe atom: C ):  0.2392693575E+25 kcal/mol
 Delta-g (under promolecular approximation):  0.2419019024E+00
 Delta-g (under Hirshfeld partition):  0.3856185231E+00
 User-defined real space function:  0.1000000000E+01
 ESP from nuclear charges:  0.6319195204E+02
 
 Note: Below information is for electron density
 
 Components of gradient in x/y/z are:
  0.1422473250E-14  0.4721917302E-14 -0.1162264729E-15
 Norm of gradient is:  0.4932893851E-14
 
 Components of Laplacian in x/y/z are:
 -0.6878635123E+01 -0.8050748899E+01 -0.7639516857E+01
 Total: -0.2256890088E+02
 
 Hessian matrix:
 -0.6878635123E+01 -0.7152535294E-01 -0.6869775610E+00
 -0.7152535294E-01 -0.8050748899E+01  0.4382639310E-01
 -0.6869775610E+00  0.4382639310E-01 -0.7639516857E+01
 Eigenvalues of Hessian: -0.8055385681E+01 -0.8044173063E+01 -0.6469342136E+01
 Eigenvectors (columns) of Hessian:
 -0.2059103411E-01  0.5093814418E+00  0.8602944589E+00
  0.9901674427E+00  0.1294737666E+00 -0.5296205485E-01
 -0.1383634518E+00  0.8507450208E+00 -0.5070389183E+00
 Determinant of Hessian: -0.4192063609E+03
 Ellipticity of electron density:    0.001394
 eta index:   -1.245163
 Stiffness:   -1.243430
 
 Stress tensor:
 -0.1734675428E+01 -0.1654678340E-01 -0.1770214644E+00
 -0.1654678340E-01 -0.2030655868E+01  0.9378034980E-02
 -0.1770214644E+00  0.9378034980E-02 -0.1929645477E+01
 Eigenvalues of stress tensor: -0.2034292537E+01 -0.2031513417E+01 -0.1629170820E+01
 Eigenvectors (columns) of stress tensor:
  0.5098060385E+00 -0.2298621527E-01  0.8599822307E+00
  0.1244966431E+00  0.9910913864E+00 -0.4731225716E-01
  0.8512334515E+00 -0.1311849752E+00 -0.5081260801E+00
 Stress tensor stiffness:    1.248667
 Stress tensor polarizability:    0.800854
 
 ----------------   CP    11,     Type (3,-3)   ----------------
 Corresponding nucleus:   107(O )
 Position (Bohr):      -11.060082076888   -8.791941239704   -2.924563302951
 Position (Angstrom):   -5.852743385806   -4.652494943650   -1.547612251765
 Density of all electrons:  0.3014699435E+03
 Density of Alpha electrons:  0.1507349718E+03
 Density of Beta electrons:  0.1507349718E+03
 Spin density of electrons:  0.0000000000E+00
 Lagrangian kinetic energy G(r):  0.7647639878E+02
 G(r) in X,Y,Z:  0.2441984874E+02  0.2576405699E+02  0.2629249305E+02
 Hamiltonian kinetic energy K(r):  0.1126456218E+07
 Potential energy density V(r): -0.1126532695E+07
 Energy density E(r) or H(r): -0.1126456218E+07
 Laplacian of electron density: -0.4505518967E+07
 Electron localization function (ELF):  0.9999961384E+00
 Localized orbital locator (LOL):  0.9980387504E+00
 Local information entropy:  0.3362085679E+00
 Interaction region indicator (IRI):  0.2065510291E-11
 Reduced density gradient (RDG):  0.1000000000E+03
 Reduced density gradient with promolecular approximation:  0.1000000000E+03
 Sign(lambda2)*rho: -0.3014699435E+03
 Sign(lambda2)*rho with promolecular approximation: -0.2923797911E+03
 Corr. hole for alpha, ref.:   0.00000   0.00000   0.00000 : -0.5307892999E-05
 Source function, ref.:   0.00000   0.00000   0.00000 :  0.2484957016E+05
 Wavefunction value for orbital       1 : -0.2598163997E-05
 Average local ionization energy (ALIE):  0.1841048052E+02
 van der Waals potential (probe atom: C ):  0.1070398545E+73 kcal/mol
 Delta-g (under promolecular approximation):  0.6704385984E-01
 Delta-g (under Hirshfeld partition):  0.1103265329E+00
 User-defined real space function:  0.1000000000E+01
 ESP from nuclear charges:  0.1432316717E+07
 
 Note: Below information is for electron density
 
 Components of gradient in x/y/z are:
 -0.7473945907E-09  0.7822342774E-09  0.2097479967E-09
 Norm of gradient is:  0.1102036007E-08
 
 Components of Laplacian in x/y/z are:
 -0.1501844316E+07 -0.1501837828E+07 -0.1501836823E+07
 Total: -0.4505518967E+07
 
 Hessian matrix:
 -0.1501844316E+07 -0.9219096636E+01  0.1090813801E+02
 -0.9219096636E+01 -0.1501837828E+07  0.6397439372E+01
  0.1090813801E+02  0.6397439372E+01 -0.1501836823E+07
 Eigenvalues of Hessian: -0.1501858264E+07 -0.1501831674E+07 -0.1501829029E+07
 Eigenvectors (columns) of Hessian:
  0.7148528063E+00  0.3625020172E+00 -0.5979780538E+00
  0.4812996366E+00 -0.8754166390E+00  0.4468073400E-01
 -0.5072830818E+00 -0.3197467680E+00 -0.8002661303E+00
 Determinant of Hessian: -0.3387432912E+19
 Ellipticity of electron density:    0.000018
 eta index:   -1.000019
 Stiffness:   -1.000002
 
 Stress tensor:
 -0.3755099187E+06  0.1728271642E+01 -0.2531962801E+01
  0.1728271642E+01 -0.3755109852E+06 -0.1328402882E+01
 -0.2531962801E+01 -0.1328402882E+01 -0.3755117907E+06
 Eigenvalues of stress tensor: -0.3755135603E+06 -0.3755121612E+06 -0.3755069731E+06
 Eigenvectors (columns) of stress tensor:
  0.5504367743E+00 -0.4278769597E+00  0.7168965510E+00
  0.6014135696E-01  0.8767759876E+00  0.4771235528E+00
  0.8327078568E+00  0.2195112180E+00 -0.5083428474E+00
 Stress tensor stiffness:    1.000018
 Stress tensor polarizability:    0.999982
 
 ----------------   CP    12,     Type (3,-3)   ----------------
 Corresponding nucleus:     6(C )
 Position (Bohr):        2.055258242081   -9.443568018520   -1.838065242850
 Position (Angstrom):    1.087595824230   -4.997320985013   -0.972662238669
 Density of all electrons:  0.1220998140E+03
 Density of Alpha electrons:  0.6104990699E+02
 Density of Beta electrons:  0.6104990699E+02
 Spin density of electrons:  0.0000000000E+00
 Lagrangian kinetic energy G(r):  0.8785323095E+01
 G(r) in X,Y,Z:  0.2965538863E+01  0.2810584510E+01  0.3009199722E+01
 Hamiltonian kinetic energy K(r):  0.2421305855E+06
 Potential energy density V(r): -0.2421393709E+06
 Energy density E(r) or H(r): -0.2421305855E+06
 Laplacian of electron density: -0.9684872008E+06
 Electron localization function (ELF):  0.9999989633E+00
 Localized orbital locator (LOL):  0.9989828410E+00
 Local information entropy:  0.3304611175E+00
 Interaction region indicator (IRI):  0.1392155376E-11
 Reduced density gradient (RDG):  0.1000000000E+03
 Reduced density gradient with promolecular approximation:  0.1000000000E+03
 Sign(lambda2)*rho: -0.1220998140E+03
 Sign(lambda2)*rho with promolecular approximation: -0.1213972906E+03
 Corr. hole for alpha, ref.:   0.00000   0.00000   0.00000 : -0.1350693769E-05
 Source function, ref.:   0.00000   0.00000   0.00000 :  0.7833994349E+04
 Wavefunction value for orbital       1 :  0.3840185464E-05
 Average local ionization energy (ALIE):  0.9884801891E+01
 van der Waals potential (probe atom: C ):  0.8834492555E+87 kcal/mol
 Delta-g (under promolecular approximation):  0.3844775706E-01
 Delta-g (under Hirshfeld partition):  0.5328242104E-01
 User-defined real space function:  0.1000000000E+01
 ESP from nuclear charges:  0.1750906076E+08
 
 Note: Below information is for electron density
 
 Components of gradient in x/y/z are:
  0.2043787362E-10 -0.2736365023E-09 -0.1550454209E-10
 Norm of gradient is:  0.2748363748E-09
 
 Components of Laplacian in x/y/z are:
 -0.3228289460E+06 -0.3228294304E+06 -0.3228288245E+06
 Total: -0.9684872008E+06
 
 Hessian matrix:
 -0.3228289460E+06 -0.9305797316E+00  0.2723319985E+00
 -0.9305797316E+00 -0.3228294304E+06  0.4293510204E+00
  0.2723319985E+00  0.4293510204E+00 -0.3228288245E+06
 Eigenvalues of Hessian: -0.3228303211E+06 -0.3228286578E+06 -0.3228282219E+06
 Eigenvectors (columns) of Hessian:
 -0.5735988335E+00  0.2769438985E+00  0.7708997700E+00
 -0.7537855731E+00  0.1898954755E+00 -0.6290842696E+00
  0.3206114285E+00  0.9419351281E+00 -0.9983249199E-01
 Determinant of Hessian: -0.3364479548E+17
 Ellipticity of electron density:    0.000005
 eta index:   -1.000007
 Stiffness:   -1.000001
 
 Stress tensor:
 -0.8071316758E+05  0.3666698195E+00 -0.1115076045E+00
  0.3666698195E+00 -0.8071297876E+05 -0.1730129197E+00
 -0.1115076045E+00 -0.1730129197E+00 -0.8071322451E+05
 Eigenvalues of stress tensor: -0.8071345364E+05 -0.8071329279E+05 -0.8071262443E+05
 Eigenvectors (columns) of stress tensor:
 -0.7689940615E+00  0.2810584212E+00  0.5741552902E+00
  0.6310258970E+00  0.1900886955E+00  0.7521120962E+00
  0.1022470082E+00  0.9406765925E+00 -0.3235322203E+00
 Stress tensor stiffness:    1.000010
 Stress tensor polarizability:    0.999990
 
 ----------------   CP    13,     Type (3,-3)   ----------------
 Corresponding nucleus:     5(C )
 Position (Bohr):        2.649288544422   -8.235883372856    2.485901915875
 Position (Angstrom):    1.401943122815   -4.358241792570    1.315482642421
 Density of all electrons:  0.1221092343E+03
 Density of Alpha electrons:  0.6105461715E+02
 Density of Beta electrons:  0.6105461715E+02
 Spin density of electrons:  0.0000000000E+00
