 ----------------   CP     1,     Type (3,-3)   ----------------
 Corresponding nucleus:     7(O )
 Position (Bohr):      -13.561876381799  -11.433940052027   -2.589593287681
 Position (Angstrom):   -7.176635918332   -6.050580506364   -1.370353753348
 Density of all electrons:  0.3018179248E+03
 Density of Alpha electrons:  0.1509089624E+03
 Density of Beta electrons:  0.1509089624E+03
 Spin density of electrons:  0.0000000000E+00
 Lagrangian kinetic energy G(r):  0.7463849662E+02
 G(r) in X,Y,Z:  0.2288105822E+02  0.2366299137E+02  0.2809444704E+02
 Hamiltonian kinetic energy K(r):  0.1127854209E+07
 Potential energy density V(r): -0.1127928847E+07
 Energy density E(r) or H(r): -0.1127854209E+07
 Laplacian of electron density: -0.4511118281E+07
 Electron localization function (ELF):  0.9999963359E+00
 Localized orbital locator (LOL):  0.9980894633E+00
 Local information entropy:  0.2813264933E+00
 Interaction region indicator (IRI):  0.3033489115E-11
 Reduced density gradient (RDG):  0.1000000000E+03
 Reduced density gradient with promolecular approximation:  0.1000000000E+03
 Sign(lambda2)*rho: -0.3018179248E+03
 Sign(lambda2)*rho with promolecular approximation: -0.2923710029E+03
 Corr. hole for alpha, ref.:   0.00000   0.00000   0.00000 : -0.4152554139E-07
 Source function, ref.:   0.00000   0.00000   0.00000 :  0.2002510239E+05
 Wavefunction value for orbital       1 : -0.5808586549E-06
 Average local ionization energy (ALIE):  0.1834507047E+02
 van der Waals potential (probe atom: C ):  0.5499193035E+72 kcal/mol
 Delta-g (under promolecular approximation):  0.5662743501E-01
 Delta-g (under Hirshfeld partition):  0.9273805862E-01
 User-defined real space function:  0.1000000000E+01
 ESP from nuclear charges:  0.1354979397E+07
 
 Note: Below information is for electron density
 
 Components of gradient in x/y/z are:
 -0.1217850820E-08  0.1053474419E-08 -0.1822298978E-09
 Norm of gradient is:  0.1620548274E-08
 
 Components of Laplacian in x/y/z are:
 -0.1503714144E+07 -0.1503710726E+07 -0.1503693411E+07
 Total: -0.4511118281E+07
 
 Hessian matrix:
 -0.1503714144E+07  0.4133481623E+01  0.6044011559E+01
  0.4133481623E+01 -0.1503710726E+07  0.1026862825E+02
  0.6044011559E+01  0.1026862825E+02 -0.1503693411E+07
 Eigenvalues of Hessian: -0.1503716967E+07 -0.1503714583E+07 -0.1503686731E+07
 Eigenvectors (columns) of Hessian:
 -0.7594479717E+00  0.5984166618E+00  0.2552180972E+00
  0.6448272517E+00  0.6404029457E+00  0.4172312100E+00
 -0.8623568663E-01 -0.4814369804E+00  0.8722280896E+00
 Determinant of Hessian: -0.3400077991E+19
 Ellipticity of electron density:    0.000002
 eta index:   -1.000020
 Stiffness:   -1.000019
 
 Stress tensor:
 -0.3759742981E+06 -0.7194507110E+00 -0.1665833767E+01
 -0.7194507110E+00 -0.3759750075E+06 -0.2753628899E+01
 -0.1665833767E+01 -0.2753628899E+01 -0.3759795417E+06
 Eigenvalues of stress tensor: -0.3759813105E+06 -0.3759738527E+06 -0.3759736841E+06
 Eigenvectors (columns) of stress tensor:
  0.2503998591E+00  0.8976278061E+00  0.3627178412E+00
  0.4114428535E+00 -0.4378015387E+00  0.7994026464E+00
  0.8763644726E+00 -0.5093264644E-01 -0.4789479895E+00
 Stress tensor stiffness:    1.000020
 Stress tensor polarizability:    0.999980
 
 ----------------   CP     2,     Type (3,-3)   ----------------
 Corresponding nucleus:   109(H )
 Position (Bohr):       13.657235334831  -12.375079297955    4.730295316571
 Position (Angstrom):    7.227097703132   -6.548609947595    2.503164482370
 Density of all electrons:  0.4300245090E+00
 Density of Alpha electrons:  0.2150122545E+00
 Density of Beta electrons:  0.2150122545E+00
 Spin density of electrons:  0.0000000000E+00
 Lagrangian kinetic energy G(r):  0.6810870367E-02
 G(r) in X,Y,Z:  0.2930983591E-02  0.1591052648E-02  0.2288834128E-02
 Hamiltonian kinetic energy K(r):  0.6370655937E+01
 Potential energy density V(r): -0.6377466808E+01
 Energy density E(r) or H(r): -0.6370655937E+01
 Laplacian of electron density: -0.2545538027E+02
 Electron localization function (ELF):  0.9999059864E+00
 Localized orbital locator (LOL):  0.9904105448E+00
 Local information entropy:  0.6448613125E-02
 Interaction region indicator (IRI):  0.5835308083E-14
 Reduced density gradient (RDG):  0.1000000000E+03
 Reduced density gradient with promolecular approximation:  0.1000000000E+03
 Sign(lambda2)*rho: -0.4300245090E+00
 Sign(lambda2)*rho with promolecular approximation: -0.2969079097E+00
 Corr. hole for alpha, ref.:   0.00000   0.00000   0.00000 : -0.2172431744E-08
 Source function, ref.:   0.00000   0.00000   0.00000 :  0.1064614634E+00
 Wavefunction value for orbital       1 : -0.8128335850E-07
 Average local ionization energy (ALIE):  0.5608554222E+00
 van der Waals potential (probe atom: C ):  0.6123052625E+27 kcal/mol
 Delta-g (under promolecular approximation):  0.1052736296E+00
 Delta-g (under Hirshfeld partition):  0.1984153322E+00
 User-defined real space function:  0.1000000000E+01
 ESP from nuclear charges:  0.6459201503E+02
 
 Note: Below information is for electron density
 
 Components of gradient in x/y/z are:
 -0.3230922474E-15  0.2172741154E-14  0.7025630078E-15
 Norm of gradient is:  0.2306249661E-14
 
 Components of Laplacian in x/y/z are:
 -0.8694421173E+01 -0.8323813269E+01 -0.8437145827E+01
 Total: -0.2545538027E+02
 
 Hessian matrix:
 -0.8694421173E+01 -0.1262569372E+00 -0.1089170901E+00
 -0.1262569372E+00 -0.8323813269E+01  0.3532982183E+00
 -0.1089170901E+00  0.3532982183E+00 -0.8437145827E+01
 Eigenvalues of Hessian: -0.8738480061E+01 -0.8733345605E+01 -0.7983554603E+01
 Eigenvectors (columns) of Hessian:
  0.1857017859E+00 -0.9557013069E+00 -0.2283634356E+00
 -0.6038812525E+00 -0.2943380554E+00  0.7407378362E+00
  0.7751401677E+00 -0.3480584490E-03  0.6317892047E+00
 Determinant of Hessian: -0.6092742818E+03
 Ellipticity of electron density:    0.000588
 eta index:   -1.094560
 Stiffness:   -1.093917
 
 Stress tensor:
 -0.2179467260E+01 -0.3248498917E-01 -0.2746700581E-01
 -0.3248498917E-01 -0.2084135423E+01  0.8906945058E-01
 -0.2746700581E-01  0.8906945058E-01 -0.2113864125E+01
 Eigenvalues of stress tensor: -0.2189484229E+01 -0.2189294657E+01 -0.1998687922E+01
 Eigenvectors (columns) of stress tensor:
 -0.9569241873E+00  0.1784008714E+00 -0.2290616267E+00
 -0.2902825969E+00 -0.6032779995E+00  0.7428268097E+00
 -0.5666889748E-02  0.7773215451E+00  0.6290779776E+00
 Stress tensor stiffness:    1.095461
 Stress tensor polarizability:    0.912858
 
 ----------------   CP     3,     Type (3,-3)   ----------------
 Corresponding nucleus:   108(H )
 Position (Bohr):       11.636391553787  -11.431703776031    7.182655609199
 Position (Angstrom):    6.157713227408   -6.049397120069    3.800897662153
 Density of all electrons:  0.4388360907E+00
 Density of Alpha electrons:  0.2194180453E+00
 Density of Beta electrons:  0.2194180453E+00
 Spin density of electrons:  0.0000000000E+00
 Lagrangian kinetic energy G(r):  0.6964485267E-02
 G(r) in X,Y,Z:  0.1961602997E-02  0.2581165306E-02  0.2421716964E-02
 Hamiltonian kinetic energy K(r):  0.6516487915E+01
 Potential energy density V(r): -0.6523452400E+01
 Energy density E(r) or H(r): -0.6516487915E+01
 Laplacian of electron density: -0.2603809372E+02
 Electron localization function (ELF):  0.9999081302E+00
 Localized orbital locator (LOL):  0.9905191758E+00
 Local information entropy:  0.6561649503E-02
 Interaction region indicator (IRI):  0.2203719419E-13
 Reduced density gradient (RDG):  0.1000000000E+03
 Reduced density gradient with promolecular approximation:  0.1000000000E+03
 Sign(lambda2)*rho: -0.4388360907E+00
 Sign(lambda2)*rho with promolecular approximation: -0.2973516714E+00
 Corr. hole for alpha, ref.:   0.00000   0.00000   0.00000 : -0.4769339578E-08
 Source function, ref.:   0.00000   0.00000   0.00000 :  0.1162530575E+00
 Wavefunction value for orbital       1 :  0.8306671840E-08
 Average local ionization energy (ALIE):  0.5623667197E+00
 van der Waals potential (probe atom: C ):  0.1204985701E+28 kcal/mol
 Delta-g (under promolecular approximation):  0.1042726026E+00
 Delta-g (under Hirshfeld partition):  0.1974053578E+00
 User-defined real space function:  0.1000000000E+01
 ESP from nuclear charges:  0.6624697496E+02
 
 Note: Below information is for electron density
 
 Components of gradient in x/y/z are:
  0.3903127821E-14 -0.7714315298E-14  0.2138697205E-14
 Norm of gradient is:  0.8906126713E-14
 
 Components of Laplacian in x/y/z are:
 -0.8500942925E+01 -0.8857203382E+01 -0.8679947411E+01
 Total: -0.2603809372E+02
 
 Hessian matrix:
 -0.8500942925E+01  0.1599659742E+00 -0.3149705123E+00
  0.1599659742E+00 -0.8857203382E+01 -0.1155341969E+00
 -0.3149705123E+00 -0.1155341969E+00 -0.8679947411E+01
 Eigenvalues of Hessian: -0.8921408314E+01 -0.8913216540E+01 -0.8203468864E+01
 Eigenvectors (columns) of Hessian:
  0.6053041243E+00 -0.2202375517E+00  0.7649198245E+00
 -0.6280106262E+00 -0.7225861712E+00  0.2889150024E+00
  0.4890905545E+00 -0.6552592205E+00 -0.5756959123E+00
 Determinant of Hessian: -0.6523270806E+03
 Ellipticity of electron density:    0.000919
 eta index:   -1.087517
 Stiffness:   -1.086518
 
 Stress tensor:
 -0.2129158937E+01  0.4000446585E-01 -0.7986568634E-01
  0.4000446585E-01 -0.2219463176E+01 -0.3018653616E-01
 -0.7986568634E-01 -0.3018653616E-01 -0.2174830287E+01
 Eigenvalues of stress tensor: -0.2235061221E+01 -0.2234620852E+01 -0.2053770326E+01
 Eigenvectors (columns) of stress tensor:
  0.5949404058E+00 -0.2490782026E+00  0.7642028281E+00
  0.2867704818E-01  0.9567457034E+00  0.2895086975E+00
  0.8032580783E+00  0.1503253407E+00 -0.5763495047E+00
 Stress tensor stiffness:    1.088272
 Stress tensor polarizability:    0.918888
 
 ----------------   CP     4,     Type (3,-3)   ----------------
 Corresponding nucleus:    72(H )
 Position (Bohr):      -12.002752521769   -9.372894218908    0.887663495176
 Position (Angstrom):   -6.351583102629   -4.959922020851    0.469731292598
 Density of all electrons:  0.4294943734E+00
 Density of Alpha electrons:  0.2147471867E+00
 Density of Beta electrons:  0.2147471867E+00
 Spin density of electrons:  0.0000000000E+00
 Lagrangian kinetic energy G(r):  0.7163960567E-02
 G(r) in X,Y,Z:  0.2741746498E-02  0.2248211433E-02  0.2174002636E-02
 Hamiltonian kinetic energy K(r):  0.6364361606E+01
 Potential energy density V(r): -0.6371525567E+01
 Energy density E(r) or H(r): -0.6364361606E+01
 Laplacian of electron density: -0.2542879058E+02
 Electron localization function (ELF):  0.9998955736E+00
 Localized orbital locator (LOL):  0.9898978799E+00
 Local information entropy:  0.6441800182E-02
 Interaction region indicator (IRI):  0.9024361049E-14
 Reduced density gradient (RDG):  0.1000000000E+03
 Reduced density gradient with promolecular approximation:  0.1000000000E+03
 Sign(lambda2)*rho: -0.4294943734E+00
 Sign(lambda2)*rho with promolecular approximation: -0.2969401838E+00
 Corr. hole for alpha, ref.:   0.00000   0.00000   0.00000 : -0.7090437454E-07
 Source function, ref.:   0.00000   0.00000   0.00000 :  0.1326517042E+00
 Wavefunction value for orbital       1 : -0.5963218159E-06
 Average local ionization energy (ALIE):  0.5708399334E+00
 van der Waals potential (probe atom: C ):  0.6702863796E+27 kcal/mol
 Delta-g (under promolecular approximation):  0.1028719927E+00
 Delta-g (under Hirshfeld partition):  0.1936625058E+00
 User-defined real space function:  0.1000000000E+01
 ESP from nuclear charges:  0.7256688592E+02
 
 Note: Below information is for electron density
 
 Components of gradient in x/y/z are:
  0.3479855293E-14 -0.6730727087E-15 -0.3521488656E-15
 Norm of gradient is:  0.3561801307E-14
 
 Components of Laplacian in x/y/z are:
 -0.8626214356E+01 -0.8173899817E+01 -0.8628676411E+01
 Total: -0.2542879058E+02
 
 Hessian matrix:
 -0.8626214356E+01  0.2293312212E+00 -0.9593064066E-01
  0.2293312212E+00 -0.8173899817E+01 -0.2305488360E+00
 -0.9593064066E-01 -0.2305488360E+00 -0.8628676411E+01
 Eigenvalues of Hessian: -0.8725106302E+01 -0.8722079353E+01 -0.7981604928E+01
 Eigenvectors (columns) of Hessian:
  0.2669635394E-02  0.9330211960E+00 -0.3598115074E+00
  0.3849223377E+00 -0.3330474179E+00 -0.8607637373E+00
  0.9229451051E+00  0.1362015612E+00  0.3600298151E+00
 Determinant of Hessian: -0.6074086716E+03
 Ellipticity of electron density:    0.000347
 eta index:   -1.093152
 Stiffness:   -1.092773
 
 Stress tensor:
 -0.2162037082E+01  0.5784273439E-01 -0.2471669115E-01
  0.5784273439E-01 -0.2047971377E+01 -0.5847525746E-01
 -0.2471669115E-01 -0.5847525746E-01 -0.2161517108E+01
 Eigenvalues of stress tensor: -0.2186495282E+01 -0.2186052720E+01 -0.1998977565E+01
 Eigenvectors (columns) of stress tensor:
  0.7004664942E+00 -0.6162886325E+00  0.3599097275E+00
  0.8755837071E-02  0.5116804606E+00  0.8591312132E+00
  0.7136315757E+00  0.5986413180E+00 -0.3638111413E+00
 Stress tensor stiffness:    1.093807
 Stress tensor polarizability:    0.914238
 
 ----------------   CP     5,     Type (3,-3)   ----------------
 Corresponding nucleus:   105(H )
 Position (Bohr):      -13.045844945237  -11.457326848827   -7.335653022644
 Position (Angstrom):   -6.903563841994   -6.062956266266   -3.881860406675
 Density of all electrons:  0.4315620214E+00
 Density of Alpha electrons:  0.2157810107E+00
 Density of Beta electrons:  0.2157810107E+00
 Spin density of electrons:  0.0000000000E+00
 Lagrangian kinetic energy G(r):  0.6944041095E-02
 G(r) in X,Y,Z:  0.2591083090E-02  0.1846705171E-02  0.2506252835E-02
 Hamiltonian kinetic energy K(r):  0.6411792158E+01
 Potential energy density V(r): -0.6418736199E+01
 Energy density E(r) or H(r): -0.6411792158E+01
 Laplacian of electron density: -0.2561939247E+02
 Electron localization function (ELF):  0.9999034354E+00
 Localized orbital locator (LOL):  0.9902822884E+00
 Local information entropy:  0.6468364263E-02
 Interaction region indicator (IRI):  0.1280691519E-13
 Reduced density gradient (RDG):  0.1000000000E+03
 Reduced density gradient with promolecular approximation:  0.1000000000E+03
 Sign(lambda2)*rho: -0.4315620214E+00
 Sign(lambda2)*rho with promolecular approximation: -0.2976361176E+00
 Corr. hole for alpha, ref.:   0.00000   0.00000   0.00000 : -0.1974682373E-08
 Source function, ref.:   0.00000   0.00000   0.00000 :  0.1081622958E+00
 Wavefunction value for orbital       1 :  0.2674157725E-06
 Average local ionization energy (ALIE):  0.5439104201E+00
 van der Waals potential (probe atom: C ):  0.8463975233E+27 kcal/mol
 Delta-g (under promolecular approximation):  0.1055537828E+00
 Delta-g (under Hirshfeld partition):  0.1986280713E+00
 User-defined real space function:  0.1000000000E+01
 ESP from nuclear charges:  0.6483363405E+02
 
 Note: Below information is for electron density
 
 Components of gradient in x/y/z are:
  0.5042841145E-14  0.1040834086E-15  0.6169110361E-15
 Norm of gradient is:  0.5081501687E-14
 
 Components of Laplacian in x/y/z are:
 -0.8628288188E+01 -0.8307351545E+01 -0.8683752736E+01
 Total: -0.2561939247E+02
 
 Hessian matrix:
 -0.8628288188E+01  0.2686483431E+00  0.1242709854E+00
  0.2686483431E+00 -0.8307351545E+01  0.2179030111E+00
  0.1242709854E+00  0.2179030111E+00 -0.8683752736E+01
 Eigenvalues of Hessian: -0.8783884039E+01 -0.8780666968E+01 -0.8054841462E+01
 Eigenvectors (columns) of Hessian:
 -0.3159305236E+00 -0.8305461591E+00  0.4586730663E+00
 -0.2414555288E+00  0.5378981965E+00  0.8076910040E+00
  0.9175440763E+00 -0.1444250941E+00  0.3704784209E+00
 Determinant of Hessian: -0.6212567155E+03
 Ellipticity of electron density:    0.000366
 eta index:   -1.090510
 Stiffness:   -1.090110
 
 Stress tensor:
 -0.2162254213E+01  0.6857053024E-01  0.3141751358E-01
  0.6857053024E-01 -0.2080531297E+01  0.5534534298E-01
  0.3141751358E-01  0.5534534298E-01 -0.2175950690E+01
 Eigenvalues of stress tensor: -0.2201311743E+01 -0.2201209307E+01 -0.2016215149E+01
 Eigenvectors (columns) of stress tensor:
  0.2558652803E-01  0.8881273806E+00 -0.4588846102E+00
 -0.4284104673E+00 -0.4050045335E+00 -0.8077349809E+00
  0.9032219002E+00 -0.2172581040E+00 -0.3701204063E+00
 Stress tensor stiffness:    1.091804
 Stress tensor polarizability:    0.915915
 
 ----------------   CP     6,     Type (3,-3)   ----------------
 Corresponding nucleus:    51(C )
 Position (Bohr):       13.203405029030  -10.875767245728    6.017531500006
 Position (Angstrom):    6.986941047685   -5.755208177524    3.184340535694
 Density of all electrons:  0.1219388505E+03
 Density of Alpha electrons:  0.6096942527E+02
 Density of Beta electrons:  0.6096942527E+02
 Spin density of electrons:  0.0000000000E+00
 Lagrangian kinetic energy G(r):  0.8712094329E+01
 G(r) in X,Y,Z:  0.3066691658E+01  0.2681307372E+01  0.2964095299E+01
 Hamiltonian kinetic energy K(r):  0.2417876541E+06
 Potential energy density V(r): -0.2417963662E+06
 Energy density E(r) or H(r): -0.2417876541E+06
 Laplacian of electron density: -0.9671157682E+06
 Electron localization function (ELF):  0.9999989760E+00
 Localized orbital locator (LOL):  0.9989890929E+00
 Local information entropy:  0.3508138706E+00
 Interaction region indicator (IRI):  0.1541170289E-11
 Reduced density gradient (RDG):  0.1000000000E+03
 Reduced density gradient with promolecular approximation:  0.1000000000E+03
 Sign(lambda2)*rho: -0.1219388505E+03
 Sign(lambda2)*rho with promolecular approximation: -0.1213904628E+03
 Corr. hole for alpha, ref.:   0.00000   0.00000   0.00000 : -0.2537204211E-07
 Source function, ref.:   0.00000   0.00000   0.00000 :  0.4244119178E+04
 Wavefunction value for orbital       1 : -0.1290072329E-06
 Average local ionization energy (ALIE):  0.1000116206E+02
 van der Waals potential (probe atom: C ):  0.1106988909E+76 kcal/mol
 Delta-g (under promolecular approximation):  0.4607797250E-01
 Delta-g (under Hirshfeld partition):  0.5579766921E-01
 User-defined real space function:  0.1000000000E+01
 ESP from nuclear charges:  0.1784154003E+07
 
 Note: Below information is for electron density
 
 Components of gradient in x/y/z are:
 -0.7707046112E-10  0.2813775879E-09  0.8479023039E-10
 Norm of gradient is:  0.3038134067E-09
 
 Components of Laplacian in x/y/z are:
 -0.3223713054E+06 -0.3223727542E+06 -0.3223717085E+06
 Total: -0.9671157682E+06
 
 Hessian matrix:
 -0.3223713054E+06  0.4677668422E+00 -0.4068283141E+00
  0.4677668422E+00 -0.3223727542E+06  0.1490953822E+01
 -0.4068283141E+00  0.1490953822E+01 -0.3223717085E+06
 Eigenvalues of Hessian: -0.3223739550E+06 -0.3223711687E+06 -0.3223706444E+06
 Eigenvectors (columns) of Hessian:
 -0.2268517811E+00  0.9673947895E+00  0.1126303273E+00
  0.7920483930E+00  0.2505450953E+00 -0.5566744994E+00
 -0.5667429863E+00 -0.3707393197E-01 -0.8230600896E+00
 Determinant of Hessian: -0.3350206898E+17
 Ellipticity of electron density:    0.000009
 eta index:   -1.000010
 Stiffness:   -1.000002
 
 Stress tensor:
 -0.8059895975E+05 -0.1323849273E+00  0.1104670727E+00
 -0.1323849273E+00 -0.8059855117E+05 -0.4011239317E+00
  0.1104670727E+00 -0.4011239317E+00 -0.8059885532E+05
 Eigenvalues of stress tensor: -0.8059913399E+05 -0.8059899860E+05 -0.8059823364E+05
 Eigenvectors (columns) of stress tensor:
 -0.1114546386E+00 -0.9667382710E+00 -0.2302063833E+00
  0.5461109579E+00 -0.2531187487E+00  0.7985572745E+00
  0.8302654306E+00  0.3671531611E-01 -0.5561576219E+00
 Stress tensor stiffness:    1.000011
 Stress tensor polarizability:    0.999989
 
 ----------------   CP     7,     Type (3,-3)   ----------------
 Corresponding nucleus:    87(H )
 Position (Bohr):       14.817890809713  -10.500378233277    7.192949349302
 Position (Angstrom):    7.841290130149   -5.556560866912    3.806344874830
 Density of all electrons:  0.4364969873E+00
 Density of Alpha electrons:  0.2182484936E+00
 Density of Beta electrons:  0.2182484936E+00
 Spin density of electrons:  0.0000000000E+00
 Lagrangian kinetic energy G(r):  0.6849844084E-02
 G(r) in X,Y,Z:  0.2098055722E-02  0.2363764612E-02  0.2388023750E-02
 Hamiltonian kinetic energy K(r):  0.6482300110E+01
 Potential energy density V(r): -0.6489149954E+01
 Energy density E(r) or H(r): -0.6482300110E+01
 Laplacian of electron density: -0.2590180106E+02
 Electron localization function (ELF):  0.9999095279E+00
 Localized orbital locator (LOL):  0.9905911233E+00
 Local information entropy:  0.6531680445E-02
 Interaction region indicator (IRI):  0.2440878105E-13
 Reduced density gradient (RDG):  0.1000000000E+03
 Reduced density gradient with promolecular approximation:  0.1000000000E+03
 Sign(lambda2)*rho: -0.4364969873E+00
 Sign(lambda2)*rho with promolecular approximation: -0.2971212717E+00
 Corr. hole for alpha, ref.:   0.00000   0.00000   0.00000 : -0.1053974847E-08
 Source function, ref.:   0.00000   0.00000   0.00000 :  0.1055200686E+00
 Wavefunction value for orbital       1 : -0.1306759107E-07
 Average local ionization energy (ALIE):  0.5587418335E+00
 van der Waals potential (probe atom: C ):  0.1073586309E+28 kcal/mol
 Delta-g (under promolecular approximation):  0.1038895583E+00
 Delta-g (under Hirshfeld partition):  0.1963558603E+00
 User-defined real space function:  0.1000000000E+01
 ESP from nuclear charges:  0.6475727505E+02
 
 Note: Below information is for electron density
 
 Components of gradient in x/y/z are:
  0.5866834796E-14  0.7722988915E-14 -0.1451963549E-14
 Norm of gradient is:  0.9806758203E-14
 
 Components of Laplacian in x/y/z are:
 -0.8414178091E+01 -0.8855229352E+01 -0.8632393622E+01
 Total: -0.2590180106E+02
 
 Hessian matrix:
 -0.8414178091E+01  0.9515648710E-01  0.3305727845E+00
  0.9515648710E-01 -0.8855229352E+01  0.7302493247E-01
  0.3305727845E+00  0.7302493247E-01 -0.8632393622E+01
 Eigenvalues of Hessian: -0.8877590107E+01 -0.8869558634E+01 -0.8154652324E+01
 Eigenvectors (columns) of Hessian:
 -0.1608041310E+00 -0.5804069307E+00 -0.7982918177E+00
 -0.8654226178E+00  0.4717903247E+00 -0.1686937524E+00
  0.4745373789E+00  0.6637331424E+00 -0.5781631185E+00
 Determinant of Hessian: -0.6420998192E+03
 Ellipticity of electron density:    0.000906
 eta index:   -1.088653
 Stiffness:   -1.087669
 
 Stress tensor:
 -0.2107740634E+01  0.2432559433E-01  0.8420748019E-01
  0.2432559433E-01 -0.2218534867E+01  0.1775842753E-01
  0.8420748019E-01  0.1775842753E-01 -0.2162874453E+01
 Eigenvalues of stress tensor: -0.2223947713E+01 -0.2223625621E+01 -0.2041576620E+01
 Eigenvectors (columns) of stress tensor:
 -0.5089984783E+00  0.3223396615E+00 -0.7981338808E+00
 -0.3260708715E+00 -0.9303365135E+00 -0.1677848574E+00
  0.7966168061E+00 -0.1748459730E+00 -0.5786454441E+00
 Stress tensor stiffness:    1.089329
 Stress tensor polarizability:    0.917997
 
 ----------------   CP     8,     Type (3,-3)   ----------------
 Corresponding nucleus:     6(C )
 Position (Bohr):      -12.300569323889   -9.863504394500   -3.746271904930
 Position (Angstrom):   -6.509180967334   -5.219541745211   -1.982441717935
 Density of all electrons:  0.1221808493E+03
 Density of Alpha electrons:  0.6109042466E+02
 Density of Beta electrons:  0.6109042466E+02
 Spin density of electrons:  0.0000000000E+00
 Lagrangian kinetic energy G(r):  0.8295269632E+01
 G(r) in X,Y,Z:  0.2414138866E+01  0.2714921236E+01  0.3166209530E+01
 Hamiltonian kinetic energy K(r):  0.2423184701E+06
 Potential energy density V(r): -0.2423267654E+06
 Energy density E(r) or H(r): -0.2423184701E+06
 Laplacian of electron density: -0.9692406994E+06
 Electron localization function (ELF):  0.9999990778E+00
 Localized orbital locator (LOL):  0.9990405850E+00
 Local information entropy:  0.3509902671E+00
 Interaction region indicator (IRI):  0.5072081792E-12
 Reduced density gradient (RDG):  0.1000000000E+03
 Reduced density gradient with promolecular approximation:  0.1000000000E+03
 Sign(lambda2)*rho: -0.1221808493E+03
 Sign(lambda2)*rho with promolecular approximation: -0.1213936143E+03
 Corr. hole for alpha, ref.:   0.00000   0.00000   0.00000 : -0.5403719708E-07
 Source function, ref.:   0.00000   0.00000   0.00000 :  0.4759396229E+04
 Wavefunction value for orbital       1 : -0.7085724374E-06
 Average local ionization energy (ALIE):  0.1004306323E+02
 van der Waals potential (probe atom: C ):  0.6184511588E+79 kcal/mol
 Delta-g (under promolecular approximation):  0.5909757822E-01
 Delta-g (under Hirshfeld partition):  0.7387174371E-01
 User-defined real space function:  0.1000000000E+01
 ESP from nuclear charges:  0.3661785004E+07
 
 Note: Below information is for electron density
 
 Components of gradient in x/y/z are:
  0.3920486158E-10 -0.9148726221E-10 -0.1158084739E-10
 Norm of gradient is:  0.1002050715E-09
 
 Components of Laplacian in x/y/z are:
 -0.3230814830E+06 -0.3230804547E+06 -0.3230787617E+06
 Total: -0.9692406994E+06
 
 Hessian matrix:
 -0.3230814830E+06  0.1526229470E+01 -0.4755967767E+00
  0.1526229470E+01 -0.3230804547E+06 -0.2776622193E+00
 -0.4755967767E+00 -0.2776622193E+00 -0.3230787617E+06
 Eigenvalues of Hessian: -0.3230825928E+06 -0.3230796407E+06 -0.3230784659E+06
 Eigenvectors (columns) of Hessian:
 -0.8161071989E+00  0.4780783821E+00 -0.3246692171E+00
  0.5748135890E+00  0.7295236961E+00 -0.3706541715E+00
 -0.5965214065E-01  0.4891178156E+00  0.8701754907E+00
 Determinant of Hessian: -0.3372338516E+17
 Ellipticity of electron density:    0.000009
 eta index:   -1.000013
 Stiffness:   -1.000004
 
 Stress tensor:
 -0.8077519903E+05 -0.5499658859E+00  0.1703017762E+00
 -0.5499658859E+00 -0.8077554351E+05  0.1160416013E+00
  0.1703017762E+00  0.1160416013E+00 -0.8077602283E+05
 Eigenvalues of stress tensor: -0.8077618518E+05 -0.8077578915E+05 -0.8077479105E+05
 Eigenvectors (columns) of stress tensor:
 -0.4053265802E+00  0.4234194637E+00  0.8102014078E+00
 -0.4872784271E+00  0.6498013051E+00 -0.5833678071E+00
  0.7734792162E+00  0.6312481458E+00  0.5705857053E-01
 Stress tensor stiffness:    1.000017
 Stress tensor polarizability:    0.999983
 
 ----------------   CP     9,     Type (3,-3)   ----------------
 Corresponding nucleus:     5(C )
 Position (Bohr):      -12.122413913403   -9.819122263669   -6.586639662820
 Position (Angstrom):   -6.414905184106   -5.196055733004   -3.485499605994
 Density of all electrons:  0.1219661027E+03
 Density of Alpha electrons:  0.6098305133E+02
 Density of Beta electrons:  0.6098305133E+02
 Spin density of electrons:  0.0000000000E+00
 Lagrangian kinetic energy G(r):  0.8871207436E+01
 G(r) in X,Y,Z:  0.2989699612E+01  0.3055365538E+01  0.2826142286E+01
 Hamiltonian kinetic energy K(r):  0.2418386027E+06
 Potential energy density V(r): -0.2418474739E+06
 Energy density E(r) or H(r): -0.2418386027E+06
 Laplacian of electron density: -0.9673189258E+06
 Electron localization function (ELF):  0.9999989390E+00
 Localized orbital locator (LOL):  0.9989710322E+00
 Local information entropy:  0.3508337865E+00
 Interaction region indicator (IRI):  0.1086562395E-11
 Reduced density gradient (RDG):  0.1000000000E+03
 Reduced density gradient with promolecular approximation:  0.1000000000E+03
 Sign(lambda2)*rho: -0.1219661027E+03
 Sign(lambda2)*rho with promolecular approximation: -0.1213948589E+03
 Corr. hole for alpha, ref.:   0.00000   0.00000   0.00000 : -0.6187161232E-08
 Source function, ref.:   0.00000   0.00000   0.00000 :  0.4545761713E+04
 Wavefunction value for orbital       1 : -0.2700384526E-08
 Average local ionization energy (ALIE):  0.9954431193E+01
 van der Waals potential (probe atom: C ):  0.9495417820E+82 kcal/mol
 Delta-g (under promolecular approximation):  0.4073475350E-01
 Delta-g (under Hirshfeld partition):  0.5386820913E-01
 User-defined real space function:  0.1000000000E+01
 ESP from nuclear charges:  0.6748510931E+07
 
 Note: Below information is for electron density
 
 Components of gradient in x/y/z are:
 -0.6277385556E-10  0.1529280313E-09 -0.1362896462E-09
 Norm of gradient is:  0.2142484711E-09
 
 Components of Laplacian in x/y/z are:
 -0.3224395248E+06 -0.3224392574E+06 -0.3224401437E+06
 Total: -0.9673189258E+06
 
 Hessian matrix:
 -0.3224395248E+06  0.1875653064E+00  0.7181014179E-01
  0.1875653064E+00 -0.3224392574E+06 -0.2100023117E-01
  0.7181014179E-01 -0.2100023117E-01 -0.3224401437E+06
 Eigenvalues of Hessian: -0.3224401540E+06 -0.3224396113E+06 -0.3224391605E+06
 Eigenvectors (columns) of Hessian:
 -0.1279330582E+00 -0.8786397625E+00  0.4600274997E+00
  0.4996036231E-01  0.4575407269E+00  0.8877840083E+00
  0.9905236468E+00 -0.1365600638E+00  0.1463742358E-01
 Determinant of Hessian: -0.3352318630E+17
 Ellipticity of electron density:    0.000002
 eta index:   -1.000003
 Stiffness:   -1.000001
 
 Stress tensor:
 -0.8061586059E+05 -0.4439200768E-01 -0.1956856500E-01
 -0.4439200768E-01 -0.8061592507E+05 -0.1884855695E-03
 -0.1956856500E-01 -0.1884855695E-03 -0.8061568820E+05
 Eigenvalues of stress tensor: -0.8061594801E+05 -0.8061583994E+05 -0.8061568591E+05
 Eigenvectors (columns) of stress tensor:
  0.4587332349E+00  0.8808992085E+00 -0.1165349890E+00
  0.8878767426E+00 -0.4596087908E+00  0.2084824749E-01
  0.3519530069E-01  0.1130324905E+00  0.9929677472E+00
 Stress tensor stiffness:    1.000003
 Stress tensor polarizability:    0.999997
 
 ----------------   CP    10,     Type (3,-3)   ----------------
 Corresponding nucleus:   103(H )
 Position (Bohr):      -13.882480153728   -6.677628436607    4.006899258846
 Position (Angstrom):   -7.346292128166   -3.533648791530    2.120359774165
 Density of all electrons:  0.4301368815E+00
 Density of Alpha electrons:  0.2150684407E+00
 Density of Beta electrons:  0.2150684407E+00
 Spin density of electrons:  0.0000000000E+00
 Lagrangian kinetic energy G(r):  0.1649601103E-01
 G(r) in X,Y,Z:  0.7159408988E-02  0.5552511609E-02  0.3784090437E-02
 Hamiltonian kinetic energy K(r):  0.6190176327E+01
 Potential energy density V(r): -0.6206672338E+01
 Energy density E(r) or H(r): -0.6190176327E+01
 Laplacian of electron density: -0.2469472126E+02
 Electron localization function (ELF):  0.9994501816E+00
 Localized orbital locator (LOL):  0.9770964236E+00
 Local information entropy:  0.6450057079E-02
 Interaction region indicator (IRI):  0.5097789417E-14
 Reduced density gradient (RDG):  0.1000000000E+03
 Reduced density gradient with promolecular approximation:  0.1000000000E+03
 Sign(lambda2)*rho: -0.4301368815E+00
 Sign(lambda2)*rho with promolecular approximation: -0.3009331967E+00
 Corr. hole for alpha, ref.:   0.00000   0.00000   0.00000 : -0.8537064429E-10
 Source function, ref.:   0.00000   0.00000   0.00000 :  0.1234574603E+00
 Wavefunction value for orbital       1 : -0.1637530383E-06
 Average local ionization energy (ALIE):  0.7014071516E+00
 van der Waals potential (probe atom: C ):  0.3109661144E+26 kcal/mol
 Delta-g (under promolecular approximation):  0.1682511341E+00
 Delta-g (under Hirshfeld partition):  0.3063623392E+00
 User-defined real space function:  0.1000000000E+01
 ESP from nuclear charges:  0.6318685031E+02
 
 Note: Below information is for electron density
 
 Components of gradient in x/y/z are:
 -0.3833738882E-15  0.1518750403E-14  0.1268082861E-14
 Norm of gradient is:  0.2015344255E-14
 
 Components of Laplacian in x/y/z are:
 -0.8545227289E+01 -0.8101648493E+01 -0.8047845482E+01
 Total: -0.2469472126E+02
 
 Hessian matrix:
 -0.8545227289E+01 -0.1814135137E+00  0.2073884384E+00
 -0.1814135137E+00 -0.8101648493E+01 -0.5435997734E+00
  0.2073884384E+00 -0.5435997734E+00 -0.8047845482E+01
 Eigenvalues of Hessian: -0.8628439649E+01 -0.8605680965E+01 -0.7460600649E+01
 Eigenvectors (columns) of Hessian:
  0.6240644326E+00 -0.7416257801E+00  0.2460381806E+00
 -0.4466643540E+00 -0.5969535317E+00 -0.6664363704E+00
 -0.6411197540E+00 -0.3060027504E+00  0.7037952670E+00
 Determinant of Hessian: -0.5539764478E+03
 Ellipticity of electron density:    0.002645
 eta index:   -1.156534
 Stiffness:   -1.153484
 
 Stress tensor:
 -0.2150625640E+01 -0.5047157340E-01  0.4986546366E-01
 -0.5047157340E-01 -0.2036517146E+01 -0.1395754795E+00
  0.4986546366E-01 -0.1395754795E+00 -0.2019529551E+01
 Eigenvalues of stress tensor: -0.2170737033E+01 -0.2165678009E+01 -0.1870257296E+01
 Eigenvectors (columns) of stress tensor:
 -0.7316458843E+00  0.6360620862E+00  0.2451924194E+00
 -0.6039233811E+00 -0.4379735406E+00 -0.6659247161E+00
 -0.3161816721E+00 -0.6352985127E+00  0.7045743041E+00
 Stress tensor stiffness:    1.160662
 Stress tensor polarizability:    0.861577
 
 ----------------   CP    11,     Type (3,-3)   ----------------
 Corresponding nucleus:    66(H )
 Position (Bohr):       -9.074149399356   -7.232287152863    3.457301696123
 Position (Angstrom):   -4.801833070468   -3.827161544002    1.829525268805
 Density of all electrons:  0.4382056126E+00
 Density of Alpha electrons:  0.2191028063E+00
 Density of Beta electrons:  0.2191028063E+00
 Spin density of electrons:  0.0000000000E+00
 Lagrangian kinetic energy G(r):  0.7525028800E-02
 G(r) in X,Y,Z:  0.3049049487E-02  0.2856092426E-02  0.1619886886E-02
 Hamiltonian kinetic energy K(r):  0.6521655055E+01
 Potential energy density V(r): -0.6529180084E+01
 Energy density E(r) or H(r): -0.6521655055E+01
 Laplacian of electron density: -0.2605652011E+02
 Electron localization function (ELF):  0.9998922561E+00
 Localized orbital locator (LOL):  0.9897396076E+00
 Local information entropy:  0.6553574332E-02
 Interaction region indicator (IRI):  0.6215040565E-14
 Reduced density gradient (RDG):  0.1000000000E+03
 Reduced density gradient with promolecular approximation:  0.1000000000E+03
 Sign(lambda2)*rho: -0.4382056126E+00
 Sign(lambda2)*rho with promolecular approximation: -0.2982629614E+00
 Corr. hole for alpha, ref.:   0.00000   0.00000   0.00000 : -0.2238060194E-06
 Source function, ref.:   0.00000   0.00000   0.00000 :  0.1712540688E+00
 Wavefunction value for orbital       1 :  0.1100138125E-05
 Average local ionization energy (ALIE):  0.5846773953E+00
 van der Waals potential (probe atom: C ):  0.1416105868E+28 kcal/mol
 Delta-g (under promolecular approximation):  0.1039896843E+00
 Delta-g (under Hirshfeld partition):  0.1965054952E+00
 User-defined real space function:  0.1000000000E+01
 ESP from nuclear charges:  0.7648021233E+02
 
 Note: Below information is for electron density
 
 Components of gradient in x/y/z are:
 -0.1760744328E-14 -0.1601583449E-14  0.7897328624E-15
 Norm of gradient is:  0.2507781515E-14
 
 Components of Laplacian in x/y/z are:
 -0.8907042648E+01 -0.8895309941E+01 -0.8254167517E+01
 Total: -0.2605652011E+02
 
 Hessian matrix:
 -0.8907042648E+01  0.1395186080E-01 -0.8185816471E-01
  0.1395186080E-01 -0.8895309941E+01 -0.1260809231E+00
 -0.8185816471E-01 -0.1260809231E+00 -0.8254167517E+01
 Eigenvalues of Hessian: -0.8920009817E+01 -0.8916281815E+01 -0.8220228475E+01
 Eigenvectors (columns) of Hessian:
 -0.4590840699E+00 -0.8802496048E+00 -0.1200102078E+00
 -0.8608624517E+00  0.4741486712E+00 -0.1846588122E+00
 -0.2194485270E+00 -0.1853836270E-01  0.9754479346E+00
 Determinant of Hessian: -0.6537820726E+03
 Ellipticity of electron density:    0.000418
 eta index:   -1.085129
 Stiffness:   -1.084676
 
 Stress tensor:
 -0.2232858761E+01  0.3620209641E-02 -0.2087128366E-01
  0.3620209641E-02 -0.2229539670E+01 -0.3204573012E-01
 -0.2087128366E-01 -0.3204573012E-01 -0.2066781653E+01
 Eigenvalues of stress tensor: -0.2235870889E+01 -0.2235177262E+01 -0.2058131934E+01
 Eigenvectors (columns) of stress tensor:
 -0.5947702504E+00 -0.7948376579E+00 -0.1203388832E+00
 -0.7732193810E+00  0.6065862007E+00 -0.1848917789E+00
 -0.2199548544E+00  0.1691977288E-01  0.9753633084E+00
 Stress tensor stiffness:    1.086359
 Stress tensor polarizability:    0.920506
 
 ----------------   CP    12,     Type (3,-3)   ----------------
 Corresponding nucleus:    65(H )
 Position (Bohr):       -7.357300471020   -8.113052122347    0.782487387249
 Position (Angstrom):   -3.893315743030   -4.293242294014    0.414074493151
 Density of all electrons:  0.4373131407E+00
 Density of Alpha electrons:  0.2186565704E+00
 Density of Beta electrons:  0.2186565704E+00
 Spin density of electrons:  0.0000000000E+00
 Lagrangian kinetic energy G(r):  0.7435908518E-02
 G(r) in X,Y,Z:  0.2368980214E-02  0.2265190782E-02  0.2801737521E-02
 Hamiltonian kinetic energy K(r):  0.6501321130E+01
 Potential energy density V(r): -0.6508757039E+01
 Energy density E(r) or H(r): -0.6501321130E+01
 Laplacian of electron density: -0.2597554089E+02
 Electron localization function (ELF):  0.9998940721E+00
 Localized orbital locator (LOL):  0.9898257288E+00
 Local information entropy:  0.6542140213E-02
 Interaction region indicator (IRI):  0.1272250474E-13
 Reduced density gradient (RDG):  0.1000000000E+03
 Reduced density gradient with promolecular approximation:  0.1000000000E+03
 Sign(lambda2)*rho: -0.4373131407E+00
 Sign(lambda2)*rho with promolecular approximation: -0.2982090786E+00
 Corr. hole for alpha, ref.:   0.00000   0.00000   0.00000 : -0.2056141845E-09
 Source function, ref.:   0.00000   0.00000   0.00000 :  0.1882549147E+00
 Wavefunction value for orbital       1 :  0.1945546186E-05
 Average local ionization energy (ALIE):  0.5852153482E+00
 van der Waals potential (probe atom: C ):  0.1304610896E+28 kcal/mol
 Delta-g (under promolecular approximation):  0.1042925939E+00
 Delta-g (under Hirshfeld partition):  0.1969444469E+00
 User-defined real space function:  0.1000000000E+01
 ESP from nuclear charges:  0.7733823222E+02
 
 Note: Below information is for electron density
 
 Components of gradient in x/y/z are:
 -0.1840541608E-14  0.4778295815E-14 -0.1255506116E-15
 Norm of gradient is:  0.5122056936E-14
 
 Components of Laplacian in x/y/z are:
 -0.8538199783E+01 -0.8624704677E+01 -0.8812636427E+01
 Total: -0.2597554089E+02
 
 Hessian matrix:
 -0.8538199783E+01 -0.3092056568E+00 -0.1682662345E+00
 -0.3092056568E+00 -0.8624704677E+01  0.1457244633E+00
 -0.1682662345E+00  0.1457244633E+00 -0.8812636427E+01
 Eigenvalues of Hessian: -0.8893797029E+01 -0.8892048132E+01 -0.8189695725E+01
 Eigenvectors (columns) of Hessian:
 -0.7004011783E+00  0.6642361890E-01 -0.7106518784E+00
 -0.6664667400E+00 -0.4172241680E+00  0.6178560335E+00
 -0.2554609050E+00  0.9063729346E+00  0.3364934316E+00
 Determinant of Hessian: -0.6476744803E+03
 Ellipticity of electron density:    0.000197
 eta index:   -1.085974
 Stiffness:   -1.085761
 
 Stress tensor:
 -0.2139287906E+01 -0.7837029926E-01 -0.4284967958E-01
 -0.7837029926E-01 -0.2160706551E+01  0.3706041043E-01
 -0.4284967958E-01  0.3706041043E-01 -0.2208762582E+01
 Eigenvalues of stress tensor: -0.2229312215E+01 -0.2228839415E+01 -0.2050605408E+01
 Eigenvectors (columns) of stress tensor:
 -0.6558832589E+00  0.2573677734E+00  0.7096329896E+00
 -0.4051847006E+00  0.6731444847E+00 -0.6186290174E+00
 -0.6369007059E+00 -0.6932808464E+00 -0.3372227141E+00
 Stress tensor stiffness:    1.087148
 Stress tensor polarizability:    0.919838
 
 ----------------   CP    13,     Type (3,-3)   ----------------
 Corresponding nucleus:    63(H )
 Position (Bohr):      -10.189884973696   -9.784150483142   -7.182631178447
 Position (Angstrom):   -5.392254909803   -5.177549463725   -3.800884733955
 Density of all electrons:  0.4346915027E+00
 Density of Alpha electrons:  0.2173457514E+00
 Density of Beta electrons:  0.2173457514E+00
 Spin density of electrons:  0.0000000000E+00
