 ----------------   CP     1,     Type (3,-3)   ----------------
 Corresponding nucleus:    76(H )
 Position (Bohr):        2.598519273750  -11.412833371513    5.652806435448
 Position (Angstrom):    1.375077181761   -6.039411332038    2.991336343285
 Density of all electrons:  0.4337066649E+00
 Density of Alpha electrons:  0.2168533324E+00
 Density of Beta electrons:  0.2168533324E+00
 Spin density of electrons:  0.0000000000E+00
 Lagrangian kinetic energy G(r):  0.7408547665E-02
 G(r) in X,Y,Z:  0.2022014476E-02  0.2251945323E-02  0.3134587866E-02
 Hamiltonian kinetic energy K(r):  0.6445222414E+01
 Potential energy density V(r): -0.6452630961E+01
 Energy density E(r) or H(r): -0.6445222414E+01
 Laplacian of electron density: -0.2575125546E+02
 Electron localization function (ELF):  0.9998919064E+00
 Localized orbital locator (LOL):  0.9897233520E+00
 Local information entropy:  0.7874668179E-02
 Interaction region indicator (IRI):  0.1102510374E-13
 Reduced density gradient (RDG):  0.1000000000E+03
 Reduced density gradient with promolecular approximation:  0.1000000000E+03
 Sign(lambda2)*rho: -0.4337066649E+00
 Sign(lambda2)*rho with promolecular approximation: -0.2979102101E+00
 Corr. hole for alpha, ref.:   0.00000   0.00000   0.00000 : -0.6913277344E-07
 Source function, ref.:   0.00000   0.00000   0.00000 :  0.1576512822E+00
 Wavefunction value for orbital       1 : -0.1174064242E-05
 Average local ionization energy (ALIE):  0.5849891054E+00
 van der Waals potential (probe atom: C ):  0.1314855320E+28 kcal/mol
 Delta-g (under promolecular approximation):  0.1041737444E+00
 Delta-g (under Hirshfeld partition):  0.1950949231E+00
 User-defined real space function:  0.1000000000E+01
 ESP from nuclear charges:  0.6558034555E+02
 
 Note: Below information is for electron density
 
 Components of gradient in x/y/z are:
 -0.1630640067E-15  0.3014949401E-14  0.3198396409E-14
 Norm of gradient is:  0.4398437149E-14
 
 Components of Laplacian in x/y/z are:
 -0.8436095903E+01 -0.8532962046E+01 -0.8782197514E+01
 Total: -0.2575125546E+02
 
 Hessian matrix:
 -0.8436095903E+01 -0.3264819572E+00  0.1100370055E+00
 -0.3264819572E+00 -0.8532962046E+01 -0.9440630318E-01
  0.1100370055E+00 -0.9440630318E-01 -0.8782197514E+01
 Eigenvalues of Hessian: -0.8814783225E+01 -0.8813867153E+01 -0.8122605086E+01
 Eigenvectors (columns) of Hessian:
  0.6534993537E+00  0.1608653650E+00  0.7396356732E+00
  0.6044286351E+00  0.4773010621E+00 -0.6378477257E+00
 -0.4556364996E+00  0.8638900569E+00  0.2146843025E+00
 Determinant of Hessian: -0.6310641012E+03
 Ellipticity of electron density:    0.000104
 eta index:   -1.085216
 Stiffness:   -1.085103
 
 Stress tensor:
 -0.2113068005E+01 -0.8301482469E-01  0.2799373263E-01
 -0.8301482469E-01 -0.2137744402E+01 -0.2421130888E-01
  0.2799373263E-01 -0.2421130888E-01 -0.2201818554E+01
 Eigenvalues of stress tensor: -0.2209953976E+01 -0.2209328510E+01 -0.2033348474E+01
 Eigenvectors (columns) of stress tensor:
 -0.1071360642E+00 -0.6644428721E+00 -0.7396198574E+00
  0.2031610306E+00 -0.7428356948E+00  0.6379033831E+00
  0.9732663867E+00  0.8191947469E-01 -0.2145733913E+00
 Stress tensor stiffness:    1.086855
 Stress tensor polarizability:    0.920086
 
 ----------------   CP     2,     Type (3,-3)   ----------------
 Corresponding nucleus:    89(H )
 Position (Bohr):       -0.020730797894  -10.959574296989    3.761275691151
 Position (Angstrom):   -0.010970265809   -5.799556959165    1.990381379680
 Density of all electrons:  0.4410158588E+00
 Density of Alpha electrons:  0.2205079294E+00
 Density of Beta electrons:  0.2205079294E+00
 Spin density of electrons:  0.0000000000E+00
 Lagrangian kinetic energy G(r):  0.7739413558E-02
 G(r) in X,Y,Z:  0.2760825216E-02  0.2704256777E-02  0.2274331565E-02
 Hamiltonian kinetic energy K(r):  0.6532407620E+01
 Potential energy density V(r): -0.6540147033E+01
 Energy density E(r) or H(r): -0.6532407620E+01
 Laplacian of electron density: -0.2609867283E+02
 Electron localization function (ELF):  0.9998884410E+00
 Localized orbital locator (LOL):  0.9895610128E+00
 Local information entropy:  0.7987565777E-02
 Interaction region indicator (IRI):  0.1155501510E-13
 Reduced density gradient (RDG):  0.1000000000E+03
 Reduced density gradient with promolecular approximation:  0.1000000000E+03
 Sign(lambda2)*rho: -0.4410158588E+00
 Sign(lambda2)*rho with promolecular approximation: -0.2991682057E+00
 Corr. hole for alpha, ref.:   0.00000   0.00000   0.00000 : -0.2794251675E-06
 Source function, ref.:   0.00000   0.00000   0.00000 :  0.1792401960E+00
 Wavefunction value for orbital       1 :  0.3440655613E-05
 Average local ionization energy (ALIE):  0.5849432339E+00
 van der Waals potential (probe atom: C ):  0.6784239591E+27 kcal/mol
 Delta-g (under promolecular approximation):  0.1123831090E+00
 Delta-g (under Hirshfeld partition):  0.2152307657E+00
 User-defined real space function:  0.1000000000E+01
 ESP from nuclear charges:  0.6470871710E+02
 
 Note: Below information is for electron density
 
 Components of gradient in x/y/z are:
 -0.1700029006E-15  0.4506811591E-14  0.1306246777E-14
 Norm of gradient is:  0.4695373504E-14
 
 Components of Laplacian in x/y/z are:
 -0.8724333411E+01 -0.8820936364E+01 -0.8553403051E+01
 Total: -0.2609867283E+02
 
 Hessian matrix:
 -0.8724333411E+01  0.1745094350E+00  0.3036475577E+00
  0.1745094350E+00 -0.8820936364E+01  0.2333480941E+00
  0.3036475577E+00  0.2333480941E+00 -0.8553403051E+01
 Eigenvalues of Hessian: -0.8956493388E+01 -0.8953121939E+01 -0.8189057498E+01
 Eigenvectors (columns) of Hessian:
 -0.2712671270E+00 -0.7916143501E+00  0.5475042159E+00
 -0.7302102306E+00  0.5398491051E+00  0.4187552542E+00
  0.6270623294E+00  0.2861986450E+00  0.7244882129E+00
 Determinant of Hessian: -0.6566688714E+03
 Ellipticity of electron density:    0.000377
 eta index:   -1.093715
 Stiffness:   -1.093303
 
 Stress tensor:
 -0.2186605003E+01  0.4481468696E-01  0.7750783169E-01
  0.4481468696E-01 -0.2210642604E+01  0.5924763386E-01
  0.7750783169E-01  0.5924763386E-01 -0.2142899426E+01
 Eigenvalues of stress tensor: -0.2245284237E+01 -0.2244970604E+01 -0.2049892193E+01
 Eigenvectors (columns) of stress tensor:
 -0.7717054645E+00 -0.3229903429E+00  0.5478575677E+00
 -0.8061509603E-01  0.9041683994E+00  0.4195005505E+00
  0.6308501267E+00 -0.2795652767E+00  0.7237895921E+00
 Stress tensor stiffness:    1.095318
 Stress tensor polarizability:    0.912977
 
 ----------------   CP     3,     Type (3,-3)   ----------------
 Corresponding nucleus:    75(H )
 Position (Bohr):       -0.110328237135   -9.970423498989    6.877418840172
 Position (Angstrom):   -0.058383188811   -5.276120898717    3.639373320054
 Density of all electrons:  0.4271629664E+00
 Density of Alpha electrons:  0.2135814832E+00
 Density of Beta electrons:  0.2135814832E+00
 Spin density of electrons:  0.0000000000E+00
 Lagrangian kinetic energy G(r):  0.7086611799E-02
 G(r) in X,Y,Z:  0.2432585777E-02  0.2687966833E-02  0.1966059189E-02
 Hamiltonian kinetic energy K(r):  0.6356757009E+01
 Potential energy density V(r): -0.6363843621E+01
 Energy density E(r) or H(r): -0.6356757009E+01
 Laplacian of electron density: -0.2539868159E+02
 Electron localization function (ELF):  0.9998959423E+00
 Localized orbital locator (LOL):  0.9899157034E+00
 Local information entropy:  0.7773313628E-02
 Interaction region indicator (IRI):  0.1181240898E-13
 Reduced density gradient (RDG):  0.1000000000E+03
 Reduced density gradient with promolecular approximation:  0.1000000000E+03
 Sign(lambda2)*rho: -0.4271629664E+00
 Sign(lambda2)*rho with promolecular approximation: -0.2971348036E+00
 Corr. hole for alpha, ref.:   0.00000   0.00000   0.00000 : -0.6123309657E-06
 Source function, ref.:   0.00000   0.00000   0.00000 :  0.1668614634E+00
 Wavefunction value for orbital       1 :  0.2054801143E-05
 Average local ionization energy (ALIE):  0.5739541004E+00
 van der Waals potential (probe atom: C ):  0.1127226783E+28 kcal/mol
 Delta-g (under promolecular approximation):  0.1022381254E+00
 Delta-g (under Hirshfeld partition):  0.1899172404E+00
 User-defined real space function:  0.1000000000E+01
 ESP from nuclear charges:  0.6536516809E+02
 
 Note: Below information is for electron density
 
 Components of gradient in x/y/z are:
  0.1101549407E-15 -0.4104355744E-14  0.2149322387E-14
 Norm of gradient is:  0.4634377726E-14
 
 Components of Laplacian in x/y/z are:
 -0.8463155137E+01 -0.8694873830E+01 -0.8240652622E+01
 Total: -0.2539868159E+02
 
 Hessian matrix:
 -0.8463155137E+01 -0.3208625151E-01 -0.3259291953E+00
 -0.3208625151E-01 -0.8694873830E+01  0.4398934704E-01
 -0.3259291953E+00  0.4398934704E-01 -0.8240652622E+01
 Eigenvalues of Hessian: -0.8699245449E+01 -0.8696211369E+01 -0.8003224772E+01
 Eigenvectors (columns) of Hessian:
 -0.1817130274E+00 -0.7940584516E+00 -0.5800444390E+00
 -0.9827327957E+00  0.1675642378E+00  0.7847597383E-01
 -0.3488019403E-01 -0.5842887999E+00  0.8107958870E+00
 Determinant of Hessian: -0.6054477729E+03
 Ellipticity of electron density:    0.000349
 eta index:   -1.086968
 Stiffness:   -1.086588
 
 Stress tensor:
 -0.2120653956E+01 -0.8073725891E-02 -0.8312387360E-01
 -0.8073725891E-02 -0.2179094391E+01  0.1120731515E-01
 -0.8312387360E-01  0.1120731515E-01 -0.2064095274E+01
 Eigenvalues of stress tensor: -0.2180218300E+01 -0.2180139757E+01 -0.2003485564E+01
 Eigenvectors (columns) of stress tensor:
 -0.5946064116E+00 -0.5563723229E+00 -0.5804248906E+00
 -0.7208770435E+00  0.6886128490E+00  0.7841321486E-01
 -0.3560610950E+00 -0.4650399794E+00  0.8105296504E+00
 Stress tensor stiffness:    1.088213
 Stress tensor polarizability:    0.918938
 
 ----------------   CP     4,     Type (3,-3)   ----------------
 Corresponding nucleus:    35(C )
 Position (Bohr):        1.067232634424  -10.147438148843    5.220003852688
 Position (Angstrom):    0.564755188869   -5.369793017416    2.762307079668
 Density of all electrons:  0.1219246559E+03
 Density of Alpha electrons:  0.6096232793E+02
 Density of Beta electrons:  0.6096232793E+02
 Spin density of electrons:  0.0000000000E+00
 Lagrangian kinetic energy G(r):  0.8873948175E+01
 G(r) in X,Y,Z:  0.3020161424E+01  0.2794975695E+01  0.3058811056E+01
 Hamiltonian kinetic energy K(r):  0.2417560849E+06
 Potential energy density V(r): -0.2417649588E+06
 Energy density E(r) or H(r): -0.2417560849E+06
 Laplacian of electron density: -0.9669888437E+06
 Electron localization function (ELF):  0.9999989372E+00
 Localized orbital locator (LOL):  0.9989701320E+00
 Local information entropy:  0.3656070013E+00
 Interaction region indicator (IRI):  0.9269210952E-12
 Reduced density gradient (RDG):  0.1000000000E+03
 Reduced density gradient with promolecular approximation:  0.1000000000E+03
 Sign(lambda2)*rho: -0.1219246559E+03
 Sign(lambda2)*rho with promolecular approximation: -0.1213943251E+03
 Corr. hole for alpha, ref.:   0.00000   0.00000   0.00000 : -0.5002534102E-06
 Source function, ref.:   0.00000   0.00000   0.00000 :  0.6714032776E+04
 Wavefunction value for orbital       1 :  0.7738470429E-06
 Average local ionization energy (ALIE):  0.9997527057E+01
 van der Waals potential (probe atom: C ):  0.2976648375E+79 kcal/mol
 Delta-g (under promolecular approximation):  0.4159680062E-01
 Delta-g (under Hirshfeld partition):  0.5550917548E-01
 User-defined real space function:  0.1000000000E+01
 ESP from nuclear charges:  0.3445303599E+07
 
 Note: Below information is for electron density
 
 Components of gradient in x/y/z are:
 -0.3570962970E-10  0.1527004356E-09  0.9374136883E-10
 Norm of gradient is:  0.1827020660E-09
 
 Components of Laplacian in x/y/z are:
 -0.3223293745E+06 -0.3223302429E+06 -0.3223292262E+06
 Total: -0.9669888437E+06
 
 Hessian matrix:
 -0.3223293745E+06 -0.2492885602E+00  0.1902175845E+00
 -0.2492885602E+00 -0.3223302429E+06  0.3495916605E+00
  0.1902175845E+00  0.3495916605E+00 -0.3223292262E+06
 Eigenvalues of Hessian: -0.3223304340E+06 -0.3223293407E+06 -0.3223290689E+06
 Eigenvectors (columns) of Hessian:
  0.2698235041E+00  0.8710783854E+00  0.4103872844E+00
  0.9127639222E+00 -0.3671226433E+00  0.1791172442E+00
 -0.3066876245E+00 -0.3262566648E+00  0.8941472416E+00
 Determinant of Hessian: -0.3348888025E+17
 Ellipticity of electron density:    0.000003
 eta index:   -1.000004
 Stiffness:   -1.000001
 
 Stress tensor:
 -0.8058838396E+05  0.6099148580E-01 -0.5275009646E-01
  0.6099148580E-01 -0.8058815067E+05 -0.9842589162E-01
 -0.5275009646E-01 -0.9842589162E-01 -0.8058842418E+05
 Eigenvalues of stress tensor: -0.8058847001E+05 -0.8058838942E+05 -0.8058809938E+05
 Eigenvectors (columns) of stress tensor:
  0.4069867454E+00  0.8772102990E+00  0.2546838834E+00
  0.1971691847E+00 -0.3566133838E+00  0.9132092898E+00
  0.8919002756E+00 -0.3214482631E+00 -0.3180957599E+00
 Stress tensor stiffness:    1.000005
 Stress tensor polarizability:    0.999995
 
 ----------------   CP     5,     Type (3,-3)   ----------------
 Corresponding nucleus:    83(H )
 Position (Bohr):        5.922793144990   -8.381103980931    5.476806058415
 Position (Angstrom):    3.134207157221   -4.435089228917    2.898200954648
 Density of all electrons:  0.4204018319E+00
 Density of Alpha electrons:  0.2102009159E+00
 Density of Beta electrons:  0.2102009159E+00
 Spin density of electrons:  0.0000000000E+00
 Lagrangian kinetic energy G(r):  0.1448388878E-01
 G(r) in X,Y,Z:  0.3450304959E-02  0.3509351522E-02  0.7524232304E-02
 Hamiltonian kinetic energy K(r):  0.6008645841E+01
 Potential energy density V(r): -0.6023129730E+01
 Energy density E(r) or H(r): -0.6008645841E+01
 Laplacian of electron density: -0.2397664781E+02
 Electron localization function (ELF):  0.9995424008E+00
 Localized orbital locator (LOL):  0.9790659052E+00
 Local information entropy:  0.7668308126E-02
 Interaction region indicator (IRI):  0.1175407628E-13
 Reduced density gradient (RDG):  0.1000000000E+03
 Reduced density gradient with promolecular approximation:  0.1000000000E+03
 Sign(lambda2)*rho: -0.4204018319E+00
 Sign(lambda2)*rho with promolecular approximation: -0.2998197306E+00
 Corr. hole for alpha, ref.:   0.00000   0.00000   0.00000 : -0.3749232676E-07
 Source function, ref.:   0.00000   0.00000   0.00000 :  0.1640216424E+00
 Wavefunction value for orbital       1 : -0.1268829038E-05
 Average local ionization energy (ALIE):  0.7682410976E+00
 van der Waals potential (probe atom: C ):  0.1542843901E+26 kcal/mol
 Delta-g (under promolecular approximation):  0.1695865880E+00
 Delta-g (under Hirshfeld partition):  0.3074909952E+00
 User-defined real space function:  0.1000000000E+01
 ESP from nuclear charges:  0.5872058267E+02
 
 Note: Below information is for electron density
 
 Components of gradient in x/y/z are:
  0.7441963712E-15 -0.3970782037E-14  0.2052177872E-14
 Norm of gradient is:  0.4531266075E-14
 
 Components of Laplacian in x/y/z are:
 -0.7842454774E+01 -0.7855293201E+01 -0.8278899833E+01
 Total: -0.2397664781E+02
 
 Hessian matrix:
 -0.7842454774E+01 -0.5617074209E+00  0.2558248646E+00
 -0.5617074209E+00 -0.7855293201E+01 -0.2504225361E+00
  0.2558248646E+00 -0.2504225361E+00 -0.8278899833E+01
 Eigenvalues of Hessian: -0.8410794573E+01 -0.8394440254E+01 -0.7171412982E+01
 Eigenvectors (columns) of Hessian:
 -0.7216661511E+00 -0.1445911413E+00 -0.6769722064E+00
 -0.6851380378E+00  0.2889271755E+00  0.6686605689E+00
  0.9891327272E-01  0.9463691083E+00 -0.3075738535E+00
 Determinant of Hessian: -0.5063298149E+03
 Ellipticity of electron density:    0.001948
 eta index:   -1.172823
 Stiffness:   -1.170542
 
 Stress tensor:
 -0.1967514304E+01 -0.1420022026E+00  0.6576501339E-01
 -0.1420022026E+00 -0.1970842003E+01 -0.6561061607E-01
  0.6576501339E-01 -0.6561061607E-01 -0.2084773423E+01
 Eigenvalues of stress tensor: -0.2114824930E+01 -0.2111143011E+01 -0.1797161789E+01
 Eigenvectors (columns) of stress tensor:
 -0.1376184650E+00 -0.7234607449E+00 -0.6765099472E+00
  0.2951218283E+00 -0.6819358783E+00  0.6692283349E+00
  0.9454968347E+00  0.1075546763E+00 -0.3073560266E+00
 Stress tensor stiffness:    1.176758
 Stress tensor polarizability:    0.849792
 
 ----------------   CP     6,     Type (3,-3)   ----------------
 Corresponding nucleus:    84(H )
 Position (Bohr):      -18.546008104327   -7.128371565948   -1.776264381414
 Position (Angstrom):   -9.814124842032   -3.772171783549   -0.939958631183
 Density of all electrons:  0.4332084849E+00
 Density of Alpha electrons:  0.2166042425E+00
 Density of Beta electrons:  0.2166042425E+00
 Spin density of electrons:  0.0000000000E+00
 Lagrangian kinetic energy G(r):  0.7080164986E-02
 G(r) in X,Y,Z:  0.1750539022E-02  0.2379294151E-02  0.2950331813E-02
 Hamiltonian kinetic energy K(r):  0.6437452926E+01
 Potential energy density V(r): -0.6444533091E+01
 Energy density E(r) or H(r): -0.6437452926E+01
 Laplacian of electron density: -0.2572149105E+02
 Electron localization function (ELF):  0.9999008843E+00
 Localized orbital locator (LOL):  0.9901557333E+00
 Local information entropy:  0.7866961314E-02
 Interaction region indicator (IRI):  0.3199994286E-13
 Reduced density gradient (RDG):  0.1000000000E+03
 Reduced density gradient with promolecular approximation:  0.1000000000E+03
 Sign(lambda2)*rho: -0.4332084849E+00
 Sign(lambda2)*rho with promolecular approximation: -0.2977708165E+00
 Corr. hole for alpha, ref.:   0.00000   0.00000   0.00000 : -0.1700867189E-06
 Source function, ref.:   0.00000   0.00000   0.00000 :  0.1026092798E+00
 Wavefunction value for orbital       1 :  0.3879831200E-07
 Average local ionization energy (ALIE):  0.5108592539E+00
 van der Waals potential (probe atom: C ):  0.9411687289E+27 kcal/mol
 Delta-g (under promolecular approximation):  0.1056293227E+00
 Delta-g (under Hirshfeld partition):  0.1989553031E+00
 User-defined real space function:  0.1000000000E+01
 ESP from nuclear charges:  0.6050866356E+02
 
 Note: Below information is for electron density
 
 Components of gradient in x/y/z are:
  0.1267042027E-13 -0.1421605889E-14  0.7892991816E-16
 Norm of gradient is:  0.1275016639E-13
 
 Components of Laplacian in x/y/z are:
 -0.8322115511E+01 -0.8601691370E+01 -0.8797684165E+01
 Total: -0.2572149105E+02
 
 Hessian matrix:
 -0.8322115511E+01  0.3245303431E+00 -0.8791683436E-01
  0.3245303431E+00 -0.8601691370E+01 -0.5944965528E-01
 -0.8791683436E-01 -0.5944965528E-01 -0.8797684165E+01
 Eigenvalues of Hessian: -0.8815998775E+01 -0.8812916898E+01 -0.8092575373E+01
 Eigenvectors (columns) of Hessian:
  0.4186152253E+00  0.3777117375E+00 -0.8258905112E+00
 -0.7682615357E+00 -0.3376674670E+00 -0.5438335172E+00
 -0.4842886597E+00  0.8621569028E+00  0.1488286567E+00
 Determinant of Hessian: -0.6287499292E+03
 Ellipticity of electron density:    0.000350
 eta index:   -1.089393
 Stiffness:   -1.089013
 
 Stress tensor:
 -0.2084029956E+01  0.8245245183E-01 -0.2260475133E-01
  0.8245245183E-01 -0.2155181431E+01 -0.1492885944E-01
 -0.2260475133E-01 -0.1492885944E-01 -0.2205321705E+01
 Eigenvalues of stress tensor: -0.2209458733E+01 -0.2209354605E+01 -0.2025719753E+01
 Eigenvectors (columns) of stress tensor:
  0.2959631780E+00 -0.4794679848E+00 -0.8261454163E+00
 -0.6437051209E+00  0.5388913602E+00 -0.5433597511E+00
 -0.7057262320E+00 -0.6926085138E+00  0.1491439975E+00
 Stress tensor stiffness:    1.090703
 Stress tensor polarizability:    0.916840
 
 ----------------   CP     7,     Type (3,-3)   ----------------
 Corresponding nucleus:    36(C )
 Position (Bohr):        2.153302400511   -7.661549940961    4.498504671589
 Position (Angstrom):    1.139478558533   -4.054317628952    2.380506155346
 Density of all electrons:  0.1220922642E+03
 Density of Alpha electrons:  0.6104613208E+02
 Density of Beta electrons:  0.6104613208E+02
 Spin density of electrons:  0.0000000000E+00
 Lagrangian kinetic energy G(r):  0.8674690321E+01
 G(r) in X,Y,Z:  0.2652179116E+01  0.3244411625E+01  0.2778099580E+01
 Hamiltonian kinetic energy K(r):  0.2421303710E+06
 Potential energy density V(r): -0.2421390457E+06
 Energy density E(r) or H(r): -0.2421303710E+06
 Laplacian of electron density: -0.9684867851E+06
 Electron localization function (ELF):  0.9999989890E+00
 Localized orbital locator (LOL):  0.9989955337E+00
 Local information entropy:  0.3656587272E+00
 Interaction region indicator (IRI):  0.3965310715E-12
 Reduced density gradient (RDG):  0.1000000000E+03
 Reduced density gradient with promolecular approximation:  0.1000000000E+03
 Sign(lambda2)*rho: -0.1220922642E+03
 Sign(lambda2)*rho with promolecular approximation: -0.1213943369E+03
 Corr. hole for alpha, ref.:   0.00000   0.00000   0.00000 : -0.4592449938E-04
 Source function, ref.:   0.00000   0.00000   0.00000 :  0.8430471617E+04
 Wavefunction value for orbital       1 :  0.4708323996E-05
 Average local ionization energy (ALIE):  0.1003605242E+02
 van der Waals potential (probe atom: C ):  0.4299889025E+76 kcal/mol
 Delta-g (under promolecular approximation):  0.4971705776E-01
 Delta-g (under Hirshfeld partition):  0.6369215682E-01
 User-defined real space function:  0.1000000000E+01
 ESP from nuclear charges:  0.1997756242E+07
 
 Note: Below information is for electron density
 
 Components of gradient in x/y/z are:
 -0.4035027867E-10  0.6047384815E-10 -0.2901823226E-10
 Norm of gradient is:  0.7827700239E-10
 
 Components of Laplacian in x/y/z are:
 -0.3228299238E+06 -0.3228277231E+06 -0.3228291382E+06
 Total: -0.9684867851E+06
 
 Hessian matrix:
 -0.3228299238E+06 -0.2237456151E+00 -0.3193930419E-01
 -0.2237456151E+00 -0.3228277231E+06 -0.7930558877E+00
 -0.3193930419E-01 -0.7930558877E+00 -0.3228291382E+06
 Eigenvalues of Hessian: -0.3228299684E+06 -0.3228294631E+06 -0.3228273536E+06
 Eigenvectors (columns) of Hessian:
  0.9667821748E+00 -0.2445467079E+00  0.7435814792E-01
  0.1652224648E+00  0.3759392301E+00 -0.9117956089E+00
  0.1950224696E+00  0.8937933782E+00  0.4038559563E+00
 Determinant of Hessian: -0.3364475216E+17
 Ellipticity of electron density:    0.000002
 eta index:   -1.000008
 Stiffness:   -1.000007
 
 Stress tensor:
 -0.8071278530E+05  0.4960044786E-01 -0.3402497557E-01
  0.4960044786E-01 -0.8071341960E+05  0.3064907280E+00
 -0.3402497557E-01  0.3064907280E+00 -0.8071284076E+05
 Eigenvalues of stress tensor: -0.8071355625E+05 -0.8071278259E+05 -0.8071270682E+05
 Eigenvectors (columns) of stress tensor:
 -0.7634455231E-01  0.9850757190E+00  0.1542638560E+00
  0.9152117642E+00  0.1306284141E+00 -0.3812133839E+00
 -0.3956752911E+00  0.1120805307E+00 -0.9115256544E+00
 Stress tensor stiffness:    1.000011
 Stress tensor polarizability:    0.999989
 
 ----------------   CP     8,     Type (3,-3)   ----------------
 Corresponding nucleus:    51(H )
 Position (Bohr):      -15.251434168263   -7.047720788481   -1.428036979775
 Position (Angstrom):   -8.070711395432   -3.729493230072   -0.755684626024
 Density of all electrons:  0.4333003836E+00
 Density of Alpha electrons:  0.2166501918E+00
 Density of Beta electrons:  0.2166501918E+00
 Spin density of electrons:  0.0000000000E+00
 Lagrangian kinetic energy G(r):  0.7710254770E-02
 G(r) in X,Y,Z:  0.2060027801E-02  0.2649409079E-02  0.3000817890E-02
 Hamiltonian kinetic energy K(r):  0.6439997611E+01
 Potential energy density V(r): -0.6447707866E+01
 Energy density E(r) or H(r): -0.6439997611E+01
 Laplacian of electron density: -0.2572914943E+02
 Electron localization function (ELF):  0.9998825702E+00
 Localized orbital locator (LOL):  0.9892927849E+00
 Local information entropy:  0.7868383107E-02
 Interaction region indicator (IRI):  0.1831419774E-13
 Reduced density gradient (RDG):  0.1000000000E+03
 Reduced density gradient with promolecular approximation:  0.1000000000E+03
 Sign(lambda2)*rho: -0.4333003836E+00
 Sign(lambda2)*rho with promolecular approximation: -0.2980200419E+00
 Corr. hole for alpha, ref.:   0.00000   0.00000   0.00000 : -0.8780695377E-08
 Source function, ref.:   0.00000   0.00000   0.00000 :  0.1214269229E+00
 Wavefunction value for orbital       1 : -0.2778144382E-07
 Average local ionization energy (ALIE):  0.5202281816E+00
 van der Waals potential (probe atom: C ):  0.1308372217E+28 kcal/mol
 Delta-g (under promolecular approximation):  0.1050303634E+00
 Delta-g (under Hirshfeld partition):  0.1963174054E+00
 User-defined real space function:  0.1000000000E+01
 ESP from nuclear charges:  0.6409431247E+02
 
 Note: Below information is for electron density
 
 Components of gradient in x/y/z are:
 -0.7230327448E-14  0.9514958266E-15 -0.3009745231E-15
 Norm of gradient is:  0.7298874227E-14
 
 Components of Laplacian in x/y/z are:
 -0.8368515431E+01 -0.8624146416E+01 -0.8736487579E+01
 Total: -0.2572914943E+02
 
 Hessian matrix:
 -0.8368515431E+01 -0.2841572695E+00  0.1762919434E+00
 -0.2841572695E+00 -0.8624146416E+01 -0.1144701466E+00
  0.1762919434E+00 -0.1144701466E+00 -0.8736487579E+01
 Eigenvalues of Hessian: -0.8808112397E+01 -0.8807239808E+01 -0.8113797221E+01
 Eigenvectors (columns) of Hessian:
 -0.3473930350E+00 -0.4964779664E+00 -0.7955046877E+00
 -0.8198273231E+00 -0.2510020014E+00  0.5146660623E+00
 -0.4551936287E+00  0.8309678839E+00 -0.3198298552E+00
 Determinant of Hessian: -0.6294291025E+03
 Ellipticity of electron density:    0.000099
 eta index:   -1.085572
 Stiffness:   -1.085465
 
 Stress tensor:
 -0.2096248913E+01 -0.7237276479E-01  0.4523212700E-01
 -0.7237276479E-01 -0.2161335422E+01 -0.2917924776E-01
  0.4523212700E-01 -0.2917924776E-01 -0.2190123531E+01
 Eigenvalues of stress tensor: -0.2208371786E+01 -0.2208128849E+01 -0.2031207231E+01
 Eigenvectors (columns) of stress tensor:
 -0.4004854850E+00  0.4549956857E+00  0.7953554566E+00
 -0.4857523455E-01  0.8562420448E+00 -0.5142859199E+00
  0.9150146572E+00  0.2445986239E+00  0.3208109884E+00
 Stress tensor stiffness:    1.087221
 Stress tensor polarizability:    0.919776
 
 ----------------   CP     9,     Type (3,-3)   ----------------
 Corresponding nucleus:    37(N )
 Position (Bohr):        4.658706187777   -7.143443038216    4.897954238729
 Position (Angstrom):    2.465281146865   -3.780147263208    2.591885763181
 Density of all electrons:  0.1981172472E+03
 Density of Alpha electrons:  0.9905862359E+02
 Density of Beta electrons:  0.9905862359E+02
 Spin density of electrons:  0.0000000000E+00
 Lagrangian kinetic energy G(r):  0.2864318381E+02
 G(r) in X,Y,Z:  0.9096918366E+01  0.9175131722E+01  0.1037113372E+02
 Hamiltonian kinetic energy K(r):  0.5530171784E+06
 Potential energy density V(r): -0.5530458216E+06
 Energy density E(r) or H(r): -0.5530171784E+06
 Laplacian of electron density: -0.2211954141E+07
 Electron localization function (ELF):  0.9999978047E+00
 Localized orbital locator (LOL):  0.9985205309E+00
 Local information entropy:  0.3355397000E+00
 Interaction region indicator (IRI):  0.1147455049E-11
 Reduced density gradient (RDG):  0.1000000000E+03
 Reduced density gradient with promolecular approximation:  0.1000000000E+03
 Sign(lambda2)*rho: -0.1981172472E+03
 Sign(lambda2)*rho with promolecular approximation: -0.1931756476E+03
 Corr. hole for alpha, ref.:   0.00000   0.00000   0.00000 : -0.1771450466E-06
 Source function, ref.:   0.00000   0.00000   0.00000 :  0.1789793793E+05
 Wavefunction value for orbital       1 :  0.4420743947E-05
 Average local ionization energy (ALIE):  0.1401438906E+02
 van der Waals potential (probe atom: C ):  0.3036785213E+84 kcal/mol
 Delta-g (under promolecular approximation):  0.5391131635E-01
 Delta-g (under Hirshfeld partition):  0.8207118245E-01
 User-defined real space function:  0.1000000000E+01
 ESP from nuclear charges:  0.1096998904E+08
 
 Note: Below information is for electron density
 
 Components of gradient in x/y/z are:
  0.2102309438E-09  0.2469087157E-09  0.2089795004E-09
 Norm of gradient is:  0.3857893145E-09
 
 Components of Laplacian in x/y/z are:
 -0.7373201500E+06 -0.7373197862E+06 -0.7373142048E+06
 Total: -0.2211954141E+07
 
 Hessian matrix:
 -0.7373201500E+06 -0.1084806246E+00 -0.9489517331E+00
 -0.1084806246E+00 -0.7373197862E+06  0.2090448155E+01
 -0.9489517331E+00  0.2090448155E+01 -0.7373142048E+06
 Eigenvalues of Hessian: -0.7373206007E+06 -0.7373201608E+06 -0.7373133795E+06
 Eigenvectors (columns) of Hessian:
  0.5140600042E+00 -0.8467664321E+00 -0.1368536497E+00
 -0.7898712562E+00 -0.5295203275E+00  0.3093729486E+00
  0.3344334173E+00  0.5093949502E-01  0.9410416873E+00
 Determinant of Hessian: -0.4008340365E+18
 Ellipticity of electron density:    0.000001
 eta index:   -1.000010
 Stiffness:   -1.000009
 
 Stress tensor:
 -0.1843482313E+06  0.7133882750E-01  0.1335947632E+00
  0.7133882750E-01 -0.1843482968E+06 -0.3532355962E+00
  0.1335947632E+00 -0.3532355962E+00 -0.1843492935E+06
 Eigenvalues of stress tensor: -0.1843494246E+06 -0.1843482292E+06 -0.1843481678E+06
 Eigenvectors (columns) of stress tensor:
 -0.1239248315E+00 -0.8485155588E+00  0.5144550345E+00
  0.3037282278E+00  0.4611317130E+00  0.8337305961E+00
  0.9446649140E+00 -0.2595744396E+00 -0.2005724571E+00
 Stress tensor stiffness:    1.000007
 Stress tensor polarizability:    0.999993
 
 ----------------   CP    10,     Type (3,-3)   ----------------
 Corresponding nucleus:     5(C )
 Position (Bohr):      -16.876073720857   -6.027002756448   -2.080885146588
 Position (Angstrom):   -8.930433622596   -3.189352508762   -1.101156998081
 Density of all electrons:  0.1219674257E+03
 Density of Alpha electrons:  0.6098371284E+02
 Density of Beta electrons:  0.6098371284E+02
 Spin density of electrons:  0.0000000000E+00
 Lagrangian kinetic energy G(r):  0.8860086772E+01
 G(r) in X,Y,Z:  0.3042036574E+01  0.2862620361E+01  0.2955429838E+01
 Hamiltonian kinetic energy K(r):  0.2418413534E+06
 Potential energy density V(r): -0.2418502135E+06
 Energy density E(r) or H(r): -0.2418413534E+06
 Laplacian of electron density: -0.9673299733E+06
 Electron localization function (ELF):  0.9999989417E+00
 Localized orbital locator (LOL):  0.9989723393E+00
 Local information entropy:  0.3656202594E+00
 Interaction region indicator (IRI):  0.2251639628E-11
 Reduced density gradient (RDG):  0.1000000000E+03
 Reduced density gradient with promolecular approximation:  0.1000000000E+03
 Sign(lambda2)*rho: -0.1219674257E+03
 Sign(lambda2)*rho with promolecular approximation: -0.1213949468E+03
 Corr. hole for alpha, ref.:   0.00000   0.00000   0.00000 : -0.4140800679E-07
 Source function, ref.:   0.00000   0.00000   0.00000 :  0.4266956017E+04
 Wavefunction value for orbital       1 : -0.1421170881E-06
 Average local ionization energy (ALIE):  0.9919623674E+01
 van der Waals potential (probe atom: C ):  0.1296833607E+84 kcal/mol
 Delta-g (under promolecular approximation):  0.4036440190E-01
 Delta-g (under Hirshfeld partition):  0.5335879540E-01
 User-defined real space function:  0.1000000000E+01
 ESP from nuclear charges:  0.8391149925E+07
 
 Note: Below information is for electron density
 
 Components of gradient in x/y/z are:
 -0.4329393094E-09  0.8847833577E-10 -0.4309008705E-10
 Norm of gradient is:  0.4439838028E-09
 
 Components of Laplacian in x/y/z are:
 -0.3224429756E+06 -0.3224436809E+06 -0.3224433169E+06
 Total: -0.9673299733E+06
 
 Hessian matrix:
 -0.3224429756E+06  0.1330513246E+00 -0.1084777319E+00
  0.1330513246E+00 -0.3224436809E+06 -0.2156649052E+00
 -0.1084777319E+00 -0.2156649052E+00 -0.3224433169E+06
 Eigenvalues of Hessian: -0.3224437884E+06 -0.3224432899E+06 -0.3224428951E+06
 Eigenvectors (columns) of Hessian:
 -0.9671881807E-01 -0.4274433537E+00  0.8988535196E+00
  0.9133392774E+00  0.3207797772E+00  0.2508220463E+00
  0.3955462484E+00 -0.8452174359E+00 -0.3593753628E+00
 Determinant of Hessian: -0.3352433490E+17
 Ellipticity of electron density:    0.000002
 eta index:   -1.000003
 Stiffness:   -1.000001
 
 Stress tensor:
 -0.8061682796E+05 -0.3613563574E-01  0.2380005705E-01
 -0.3613563574E-01 -0.8061664546E+05  0.6254257075E-01
  0.2380005705E-01  0.6254257075E-01 -0.8061674009E+05
 Eigenvalues of stress tensor: -0.8061684816E+05 -0.8061675328E+05 -0.8061661206E+05
 Eigenvectors (columns) of stress tensor:
 -0.8962923462E+00  0.4309914753E+00 -0.1044336073E+00
 -0.2686429132E+00 -0.3403214967E+00  0.9011172310E+00
  0.3528328433E+00  0.8357198257E+00  0.4208103582E+00
 Stress tensor stiffness:    1.000003
 Stress tensor polarizability:    0.999997
 
 ----------------   CP    11,     Type (3,-3)   ----------------
 Corresponding nucleus:    90(H )
 Position (Bohr):        6.965840510331   -7.811490793575   -1.528854847480
 Position (Angstrom):    3.686164052852   -4.133662911139   -0.809035144065
 Density of all electrons:  0.4428034207E+00
 Density of Alpha electrons:  0.2214017104E+00
 Density of Beta electrons:  0.2214017104E+00
 Spin density of electrons:  0.0000000000E+00
 Lagrangian kinetic energy G(r):  0.7781888315E-02
 G(r) in X,Y,Z:  0.2797556723E-02  0.1670987296E-02  0.3313344297E-02
 Hamiltonian kinetic energy K(r):  0.6557993687E+01
 Potential energy density V(r): -0.6565775576E+01
 Energy density E(r) or H(r): -0.6557993687E+01
 Laplacian of electron density: -0.2620084720E+02
 Electron localization function (ELF):  0.9998887252E+00
 Localized orbital locator (LOL):  0.9895741105E+00
 Local information entropy:  0.8015126639E-02
 Interaction region indicator (IRI):  0.8588137654E-14
 Reduced density gradient (RDG):  0.1000000000E+03
 Reduced density gradient with promolecular approximation:  0.1000000000E+03
 Sign(lambda2)*rho: -0.4428034207E+00
 Sign(lambda2)*rho with promolecular approximation: -0.2989905686E+00
 Corr. hole for alpha, ref.:   0.00000   0.00000   0.00000 : -0.1076723133E-06
 Source function, ref.:   0.00000   0.00000   0.00000 :  0.1971195893E+00
 Wavefunction value for orbital       1 : -0.4309271324E-05
 Average local ionization energy (ALIE):  0.5786415616E+00
 van der Waals potential (probe atom: C ):  0.7681383695E+27 kcal/mol
 Delta-g (under promolecular approximation):  0.1116342097E+00
 Delta-g (under Hirshfeld partition):  0.2142250248E+00
 User-defined real space function:  0.1000000000E+01
 ESP from nuclear charges:  0.6983636502E+02
 
 Note: Below information is for electron density
 
 Components of gradient in x/y/z are:
  0.3341077415E-14 -0.1000935446E-14  0.3504141421E-15
 Norm of gradient is:  0.3505347362E-14
 
 Components of Laplacian in x/y/z are:
 -0.8878931974E+01 -0.8371188241E+01 -0.8950726980E+01
 Total: -0.2620084720E+02
 
 Hessian matrix:
 -0.8878931974E+01  0.2588623097E+00 -0.6065474916E-01
  0.2588623097E+00 -0.8371188241E+01 -0.1454005316E+00
 -0.6065474916E-01 -0.1454005316E+00 -0.8950726980E+01
 Eigenvalues of Hessian: -0.8987685548E+01 -0.8985025404E+01 -0.8228136244E+01
 Eigenvectors (columns) of Hessian:
 -0.9019033224E+00  0.2086652176E+00  0.3781920466E+00
  0.4104403248E+00  0.1412324287E+00  0.9008840885E+00
  0.1345701931E+00  0.9677356189E+00 -0.2130226163E+00
 Determinant of Hessian: -0.6644597110E+03
 Ellipticity of electron density:    0.000296
 eta index:   -1.092311
 Stiffness:   -1.091988
 
 Stress tensor:
 -0.2225328107E+01  0.6583363702E-01 -0.1554485641E-01
  0.6583363702E-01 -0.2096139035E+01 -0.3703308923E-01
 -0.1554485641E-01 -0.3703308923E-01 -0.2244308434E+01
 Eigenvalues of stress tensor: -0.2253049292E+01 -0.2252964364E+01 -0.2059761920E+01
 Eigenvectors (columns) of stress tensor:
  0.7010930922E-01  0.9230598720E+00 -0.3782131112E+00
  0.2011807986E+00 -0.3844391486E+00 -0.9009621675E+00
  0.9770419495E+00  0.1292338057E-01  0.2126546854E+00
 Stress tensor stiffness:    1.093840
 Stress tensor polarizability:    0.914211
 
 ----------------   CP    12,     Type (3,-3)   ----------------
 Corresponding nucleus:    52(H )
 Position (Bohr):      -16.666606658725   -5.672737055877   -4.067230406217
 Position (Angstrom):   -8.819588426881   -3.001883173415   -2.152285642462
 Density of all electrons:  0.4304702066E+00
 Density of Alpha electrons:  0.2152351033E+00
 Density of Beta electrons:  0.2152351033E+00
 Spin density of electrons:  0.0000000000E+00
 Lagrangian kinetic energy G(r):  0.7664063148E-02
 G(r) in X,Y,Z:  0.3215242256E-02  0.3010269672E-02  0.1438551221E-02
 Hamiltonian kinetic energy K(r):  0.6399507944E+01
 Potential energy density V(r): -0.6407172007E+01
 Energy density E(r) or H(r): -0.6399507944E+01
 Laplacian of electron density: -0.2556737552E+02
 Electron localization function (ELF):  0.9998814090E+00
 Localized orbital locator (LOL):  0.9892406196E+00
 Local information entropy:  0.7824572493E-02
 Interaction region indicator (IRI):  0.7854026070E-14
 Reduced density gradient (RDG):  0.1000000000E+03
 Reduced density gradient with promolecular approximation:  0.1000000000E+03
 Sign(lambda2)*rho: -0.4304702066E+00
 Sign(lambda2)*rho with promolecular approximation: -0.2978396576E+00
 Corr. hole for alpha, ref.:   0.00000   0.00000   0.00000 : -0.2178875488E-06
 Source function, ref.:   0.00000   0.00000   0.00000 :  0.1125993714E+00
 Wavefunction value for orbital       1 : -0.1107733391E-06
 Average local ionization energy (ALIE):  0.5177919847E+00
 van der Waals potential (probe atom: C ):  0.1184124151E+28 kcal/mol
 Delta-g (under promolecular approximation):  0.1047220854E+00
 Delta-g (under Hirshfeld partition):  0.1950623356E+00
 User-defined real space function:  0.1000000000E+01
 ESP from nuclear charges:  0.6312433506E+02
 
 Note: Below information is for electron density
 
 Components of gradient in x/y/z are:
  0.1763346413E-14  0.2480654571E-14  0.6279698983E-15
 Norm of gradient is:  0.3107633161E-14
 
 Components of Laplacian in x/y/z are:
 -0.8747655439E+01 -0.8735399705E+01 -0.8084320379E+01
 Total: -0.2556737552E+02
 
 Hessian matrix:
 -0.8747655439E+01  0.1118215757E-01 -0.6612242729E-01
  0.1118215757E-01 -0.8735399705E+01 -0.1135506583E+00
 -0.6612242729E-01 -0.1135506583E+00 -0.8084320379E+01
 Eigenvalues of Hessian: -0.8754635835E+01 -0.8754180928E+01 -0.8058558760E+01
 Eigenvectors (columns) of Hessian:
 -0.4065047862E-01 -0.9944675273E+00 -0.9686008304E-01
 -0.9844706101E+00  0.5643262920E-01 -0.1662316946E+00
 -0.1707780914E+00 -0.8859850710E-01  0.9813180667E+00
 Determinant of Hessian: -0.6176052523E+03
 Ellipticity of electron density:    0.000052
 eta index:   -1.086377
 Stiffness:   -1.086321
 
 Stress tensor:
 -0.2193344344E+01  0.2898749751E-02 -0.1677814327E-01
  0.2898749751E-02 -0.2189870466E+01 -0.2912031873E-01
 -0.1677814327E-01 -0.2912031873E-01 -0.2023957197E+01
 Eigenvalues of stress tensor: -0.2195000523E+01 -0.2194824140E+01 -0.2017347343E+01
 Eigenvectors (columns) of stress tensor:
 -0.9697705208E+00  0.2242153170E+00 -0.9629448886E-01
  0.2378230992E+00  0.9568031603E+00 -0.1672360186E+00
 -0.5463799433E-01  0.1850816147E+00  0.9812030807E+00
 Stress tensor stiffness:    1.088063
 Stress tensor polarizability:    0.919065
 
 ----------------   CP    13,     Type (3,-3)   ----------------
 Corresponding nucleus:    38(C )
 Position (Bohr):        1.162899898460   -5.545254244654    3.398187320699
 Position (Angstrom):    0.615380124827   -2.934422174934    1.798243288494
 Density of all electrons:  0.1220777492E+03
 Density of Alpha electrons:  0.6103887462E+02
 Density of Beta electrons:  0.6103887462E+02
 Spin density of electrons:  0.0000000000E+00
